-0.01278	-1.023E-09
-0.012489	6.04E-10
-0.012199	2.73E-10
-0.011908	3.01E-10
-0.011618	1.81E-10
-0.011327	1.98E-10
-0.011037	2.68E-10
-0.010747	2.89E-10
-0.010456	3.85E-10
-0.010166	4.42E-10
-0.009875	4.61E-10
-0.009585	4.92E-10
-0.009294	5.07E-10
-0.009004	5.48E-10
-0.008713	5.6E-10
-0.008423	5.81E-10
-0.008132	5.43E-10
-0.007842	4.31E-10
-0.007552	3.16E-10
-0.007261	1.92E-10
-0.006971	4.2E-11
-0.00668	-1.13E-10
-0.00639	-1.86E-10
-0.006099	-2.84E-10
-0.005809	-3.02E-10
-0.005518	-2.94E-10
-0.005228	-2.95E-10
-0.004938	-3.19E-10
-0.004647	-4.08E-10
-0.004357	-3.77E-10
-0.004066	-3.57E-10
-0.003776	-4.27E-10
-0.003485	-4.73E-10
-0.003195	-4.6E-10
-0.002904	-4.35E-10
-0.002614	-4.92E-10
-0.002324	-5.47E-10
-0.002033	-5.15E-10
-0.001743	-4.82E-10
-0.001452	-4.57E-10
-0.001162	-4.4E-10
-0.000871	-5.1E-10
-0.000581	-6.51E-10
-0.00029	-6.31E-10
0	-5.12E-10
0.00029	-5.3E-10
0.000581	-6.15E-10
0.000871	-5.88E-10
0.001162	-4.73E-10
0.001452	-3.21E-10
0.001743	-1.56E-10
0.002033	-5.9E-11
0.002324	-2.1E-11
0.002614	9.8E-11
0.002904	2.99E-10
0.003195	3.91E-10
0.003485	3.69E-10
0.003776	3.19E-10
0.004066	2.16E-10
0.004357	1.04E-10
0.004647	1.3E-10
0.004938	1.52E-10
0.005228	9E-11
0.005518	2.46E-10
0.005809	3.64E-10
0.006099	2.59E-10
0.00639	2.35E-10
0.00668	2.47E-10
0.006971	3.21E-10
0.007261	3.32E-10
0.007552	3.34E-10
0.007842	3.52E-10
0.008132	3.59E-10
0.008423	4.82E-10
0.008713	5.64E-10
0.009004	4.13E-10
0.009294	2.06E-10
0.009585	1.29E-10
0.009875	7.6E-11
0.010166	-6E-12
0.010456	-1.41E-10
0.010747	-2.33E-10
0.011037	-2.55E-10
0.011327	-1.92E-10
0.011618	-1.85E-10
0.011908	-1.88E-10
0.012199	-7.3E-11
0.012489	-2.14E-10
0.01278	5.39E-10
	
	
	
	
	
	
	
	
	
	
	
	
	
	
	
	
	
	
	
	
	
	
	
	
	
	
	
	
	
	
	
	
	
	
	
	
	
	
	
	
	
	
	
	
	
	
	
	
	
	
	
	
	
	
	
	
	
	
	
	
	
	
	
	
	
	
	
	
	
	
	
	
	
	
	
	
	
	
	
	
	
	
	
	
	
	
	
	
	
	
	
	
	
	
	
	
	
	
	
	
	
	
	
	
	
	
	
	
	
	
	
	
	
	
	
	
	
	
	
	
	
	
	
	
	
	
	
	
	
	
	
	
	
	
	
	
	
	
	
	
	
	
	
	
	
	
	
	
	
	
	
	
