-0.55    -0.397676        
-0.549    -0.397675        
-0.548    -0.397675        
-0.547    -0.397675        
-0.546    -0.397675        
-0.545    -0.397675        
-0.544    -0.397675        
-0.543    -0.397675        
-0.542    -0.397675        
-0.541    -0.397675        
-0.54    -0.397675        
-0.539    -0.397675        
-0.538    -0.397675        
-0.537    -0.397675        
-0.536    -0.397675        
-0.535    -0.397675        
-0.534    -0.397675        
-0.533    -0.397675        
-0.532    -0.397675        
-0.531    -0.397675        
-0.53    -0.397675        
-0.529  -0.397675  
-0.528  -0.397675  
-0.527  -0.397675  
-0.526  -0.397675  
-0.525  -0.397675  
-0.524  -0.397674  
-0.523  -0.397674  
-0.522  -0.397674  
-0.521  -0.397674  
-0.52   -0.397674        
-0.519    -0.397674        
-0.518    -0.397674        
-0.517    -0.397674        
-0.516    -0.397674        
-0.515    -0.397674        
-0.514    -0.397674        
-0.513    -0.397674        
-0.512    -0.397674        
-0.511    -0.397674        
-0.51    -0.397674        
-0.509    -0.397674        
-0.508    -0.397674        
-0.507    -0.397674        
-0.506    -0.397674        
-0.505    -0.397674        
-0.504    -0.397674        
-0.503    -0.397673        
-0.502    -0.397673        
-0.501    -0.397673        
-0.5    -0.397673        
-0.499    -0.397673        
-0.498    -0.397673        
-0.497    -0.397673        
-0.496    -0.397673        
-0.495    -0.397673        
-0.494    -0.397673        
-0.493    -0.397673        
-0.492    -0.397673        
-0.491    -0.397673        
-0.49    -0.397673        
-0.489    -0.397673        
-0.488    -0.397673        
-0.487    -0.397673        
-0.486    -0.397672        
-0.485    -0.397672        
-0.484    -0.397672        
-0.483    -0.397672        
-0.482    -0.397672        
-0.481    -0.397672        
-0.48    -0.397672        
-0.479    -0.397672        
-0.478    -0.397672        
-0.477    -0.397672        
-0.476    -0.397672        
-0.475    -0.397672        
-0.474    -0.397672        
-0.473    -0.397672        
-0.472    -0.397671        
-0.471    -0.397671        
-0.47    -0.397671        
-0.469    -0.397671        
-0.468    -0.397671        
-0.467    -0.397671        
-0.466    -0.397671        
-0.465    -0.397671        
-0.464    -0.397671        
-0.463    -0.397671        
-0.462    -0.397671        
-0.461    -0.397671        
-0.46    -0.397671        
-0.459    -0.39767        
-0.458    -0.39767        
-0.457    -0.39767        
-0.456    -0.39767        
-0.455    -0.39767        
-0.454    -0.39767        
-0.453    -0.39767        
-0.452    -0.39767        
-0.451    -0.39767        
-0.45    -0.39767        
-0.449    -0.39767        
-0.448    -0.397669        
-0.447    -0.397669        
-0.446    -0.397669        
-0.445    -0.397669        
-0.444    -0.397669        
-0.443    -0.397669        
-0.442    -0.397669        
-0.441    -0.397669        
-0.44    -0.397669        
-0.439    -0.397669        
-0.438    -0.397668        
-0.437    -0.397668        
-0.436    -0.397668        
-0.435    -0.397668        
-0.434    -0.397668        
-0.433    -0.397668        
-0.432    -0.397668        
-0.431    -0.397668        
-0.43    -0.397668        
-0.429    -0.397667        
-0.428    -0.397667        
-0.427    -0.397667        
-0.426    -0.397667        
-0.425    -0.397667        
-0.424    -0.397667        
-0.423    -0.397667        
-0.422    -0.397667        
-0.421    -0.397666        
-0.42    -0.397666        
-0.419    -0.397666        
-0.418    -0.397666        
-0.417    -0.397666        
-0.416    -0.397666        
-0.415    -0.397666        
-0.414    -0.397666        
-0.413    -0.397665        
-0.412    -0.397665        
-0.411    -0.397665        
-0.41    -0.397665        
-0.409    -0.397665        
-0.408    -0.397665        
-0.407    -0.397664        
-0.406    -0.397664        
-0.405    -0.397664        
-0.404    -0.397664        
-0.403    -0.397664        
-0.402    -0.397664        
-0.401    -0.397664        
-0.4    -0.397663        
-0.399    -0.397663        
-0.398    -0.397663        
-0.397    -0.397663        
-0.396    -0.397663        
-0.395    -0.397663        
-0.394    -0.397662        
-0.393    -0.397662        
-0.392    -0.397662        
-0.391    -0.397662        
-0.39    -0.397662        
-0.389    -0.397661        
-0.388    -0.397661        
-0.387    -0.397661        
-0.386    -0.397661        
-0.385    -0.397661        
-0.384    -0.39766        
-0.383    -0.39766        
-0.382    -0.39766        
-0.381    -0.39766        
-0.38    -0.39766        
-0.379    -0.397659        
-0.378    -0.397659        
-0.377    -0.397659        
-0.376    -0.397659        
-0.375    -0.397659        
-0.374    -0.397658        
-0.373    -0.397658        
-0.372    -0.397658        
-0.371    -0.397658        
-0.37    -0.397657        
-0.369    -0.397657        
-0.368    -0.397657        
-0.367    -0.397657        
-0.366    -0.397656        
-0.365    -0.397656        
-0.364    -0.397656        
-0.363    -0.397656        
-0.362    -0.397655        
-0.361    -0.397655        
-0.36    -0.397655        
-0.359    -0.397655        
-0.358    -0.397654        
-0.357    -0.397654        
-0.356    -0.397654        
-0.355    -0.397653        
-0.354    -0.397653        
-0.353    -0.397653        
-0.352    -0.397653        
-0.351    -0.397652        
-0.35    -0.397652        
-0.349    -0.397652        
-0.348    -0.397651        
-0.347    -0.397651        
-0.346    -0.397651        
-0.345    -0.39765        
-0.344    -0.39765        
-0.343    -0.39765        
-0.342    -0.397649        
-0.341    -0.397649        
-0.34    -0.397649        
-0.339    -0.397648        
-0.338    -0.397648        
-0.337    -0.397647        
-0.336    -0.397647        
-0.335    -0.397647        
-0.334    -0.397646        
-0.333    -0.397646        
-0.332    -0.397646        
-0.331    -0.397645        
-0.33    -0.397645        
-0.329    -0.397644        
-0.328    -0.397644        
-0.327    -0.397643        
-0.326    -0.397643        
-0.325    -0.397643        
-0.324    -0.397642        
-0.323    -0.397642        
-0.322    -0.397641        
-0.321    -0.397641        
-0.32    -0.39764        
-0.319    -0.39764        
-0.318    -0.397639        
-0.317    -0.397639        
-0.316    -0.397638        
-0.315    -0.397638        
-0.314    -0.397637        
-0.313    -0.397637        
-0.312    -0.397636        
-0.311    -0.397636        
-0.31    -0.397635        
-0.309    -0.397635        
-0.308    -0.397634        
-0.307    -0.397633        
-0.306    -0.397633        
-0.305    -0.397632        
-0.304    -0.397632        
-0.303    -0.397631        
-0.302    -0.39763        
-0.301    -0.39763        
-0.3    -0.397629        
-0.299    -0.397628        
-0.298    -0.397628        
-0.297    -0.397627        
-0.296    -0.397626        
-0.295    -0.397626        
-0.294    -0.397625        
-0.293    -0.397624        
-0.292    -0.397624        
-0.291    -0.397623        
-0.29    -0.397622        
-0.289    -0.397621        
-0.288    -0.397621        
-0.287    -0.39762        
-0.286    -0.397619        
-0.285    -0.397618        
-0.284    -0.397617        
-0.283    -0.397617        
-0.282    -0.397616        
-0.281    -0.397615        
-0.28    -0.397614        
-0.279    -0.397535        
-0.278    -0.39743        
-0.277    -0.397326        
-0.276    -0.397221        
-0.275    -0.397117        
-0.274    -0.396909        
-0.273    -0.396658        
-0.272    -0.396408        
-0.271    -0.396158        
-0.27    -0.395907        
-0.269    -0.395156        
-0.268    -0.394152        
-0.267    -0.393147        
-0.266    -0.392143        
-0.265    -0.391138        
-0.264    -0.388458        
-0.263    -0.384754        
-0.262    -0.381049        
-0.261    -0.377344        
-0.26    -0.37364        
-0.259    -0.367416        
-0.258    -0.359342        
-0.257    -0.351268        
-0.256    -0.343194        
-0.255    -0.33512        
-0.254    -0.324825        
-0.253    -0.312581        
-0.252    -0.300337        
-0.251    -0.288093        
-0.25    -0.275849        
-0.249    -0.262958        
-0.248    -0.24939        
-0.247    -0.235822        
-0.246    -0.222253        
-0.245    -0.208685        
-0.244    -0.196359        
-0.243    -0.185581        
-0.242    -0.174804        
-0.241    -0.164026        
-0.24    -0.153248        
-0.239    -0.143649        
-0.238    -0.135809        
-0.237    -0.127968        
-0.236    -0.120128        
-0.235    -0.112287        
-0.234    -0.105384        
-0.233    -0.100166        
-0.232    -0.0949486        
-0.231    -0.0897309        
-0.23    -0.0845131        
-0.229    -0.0798385        
-0.228    -0.0763529        
-0.227    -0.0728672        
-0.226    -0.0693815        
-0.225    -0.0658958        
-0.224    -0.0626926        
-0.223    -0.0602545        
-0.222    -0.0578164        
-0.221    -0.0553783        
-0.22    -0.0529401        
-0.219    -0.0506421        
-0.218    -0.0488248        
-0.217    -0.0470074        
-0.216    -0.04519        
-0.215    -0.0433725        
-0.214    -0.0416313        
-0.213    -0.0402334        
-0.212    -0.0388354        
-0.211    -0.0374373        
-0.21    -0.0360392        
-0.209    -0.0346852        
-0.208    -0.0336067        
-0.207    -0.0325281        
-0.206    -0.0314495        
-0.205    -0.0303708        
-0.204    -0.0293131        
-0.203    -0.0284572        
-0.202    -0.0276013        
-0.201    -0.0267453        
-0.2    -0.0258892        
-0.199    -0.025041        
-0.198    -0.0243407        
-0.197    -0.0236403        
-0.196    -0.0229399        
-0.195    -0.0222394        
-0.194    -0.0215396        
-0.193    -0.0209567        
-0.192    -0.0203738        
-0.191    -0.0197907        
-0.19    -0.0192076        
-0.189    -0.0186245        
-0.188    -0.0181391        
-0.187    -0.0176574        
-0.186    -0.0171756        
-0.185    -0.0166937        
-0.184    -0.0162117        
-0.183    -0.015799        
-0.182    -0.0153923        
-0.181    -0.0149855        
-0.18    -0.0145787        
-0.179    -0.0141718        
-0.178    -0.013816        
-0.177    -0.0134676        
-0.176    -0.013119        
-0.175    -0.0127703        
-0.174    -0.0124216        
-0.173    -0.0121119        
-0.172    -0.0118101        
-0.171    -0.0115081        
-0.17    -0.0112061        
-0.169    -0.0109041        
-0.168    -0.0106365        
-0.167    -0.0103783        
-0.166    -0.01012        
-0.165    -0.00986155        
-0.164    -0.00960306        
-0.163    -0.00936916        
-0.162    -0.00914369        
-0.161    -0.00891815        
-0.16    -0.00869253        
-0.159    -0.00846685        
-0.158    -0.00824543        
-0.157    -0.0080258        
-0.156    -0.00780611        
-0.155    -0.00758638        
-0.154    -0.0073666        
-0.153    -0.0071853        
-0.152    -0.00702417        
-0.151    -0.006863        
-0.15    -0.00670183        
-0.149    -0.00654065        
-0.148    -0.00638896        
-0.147    -0.00624331        
-0.146    -0.00609768        
-0.145    -0.0059521        
-0.144    -0.00580658        
-0.143    -0.00566906        
-0.142    -0.00553764        
-0.141    -0.00540634        
-0.14    -0.00527517        
-0.139    -0.00514416        
-0.138    -0.0050199        
-0.137    -0.00490181        
-0.136    -0.00478395        
-0.135    -0.00466636        
-0.134    -0.00454907        
-0.133    -0.00443754        
-0.132    -0.00433223        
-0.131    -0.00422733        
-0.13    -0.0041229        
-0.129    -0.00401897        
-0.128    -0.00392003        
-0.127    -0.0038274        
-0.126    -0.00373545        
-0.125    -0.00364423        
-0.124    -0.00355381        
-0.123    -0.00346784        
-0.122    -0.00338835        
-0.121    -0.00330989        
-0.12    -0.00323253        
-0.119    -0.00315637        
-0.118    -0.00308437        
-0.117    -0.00301909        
-0.116    -0.00295531        
-0.115    -0.00289314        
-0.114    -0.00283268        
-0.113    -0.00277631        
-0.112    -0.00272703        
-0.111    -0.00267983        
-0.11    -0.00263484        
-0.109    -0.00259221        
-0.108    -0.00255378        
-0.107    -0.00252286        
-0.106    -0.00249468        
-0.105    -0.00246936        
-0.104    -0.00244702        
-0.103    -0.00242906        
-0.102    -0.00241894        
-0.101    -0.00241208        
-0.1    -0.0024085        
-0.099    -0.00240824        
-0.098    -0.00241218        
-0.097    -0.00242375        
-0.096    -0.00243838        
-0.095    -0.00245583        
-0.094    -0.0024758        
-0.093    -0.00249846        
-0.092    -0.0025268        
-0.091    -0.00255588        
-0.09    -0.00258473        
-0.089    -0.00261214        
-0.088    -0.00263696        
-0.087    -0.00266089        
-0.086    -0.00267765        
-0.085    -0.0026844        
-0.084    -0.00267765        
-0.083    -0.00265334        
-0.082    -0.00260989        
-0.081    -0.00253733        
-0.08    -0.0024281        
-0.079    -0.00227309        
-0.078    -0.00206126        
-0.077    -0.00178279        
-0.076    -0.00141812        
-0.075    -0.000947845    
-0.074    -0.000348539    
-0.073    0.000408072        
-0.072    0.00135312        
-0.071    0.0025307        
-0.07    0.00399077        
-0.069    0.00579345        
-0.068    0.00801132        
-0.067    0.0107293        
-0.066    0.014055        
-0.065    0.0181149        
-0.064    0.0230603        
-0.063    0.0290707        
-0.062    0.0363557        
-0.061    0.0451647        
-0.06    0.0557832        
-0.059    0.0685339        
-0.058    0.0837738        
-0.057    0.101884        
-0.056    0.12326            
-0.055    0.148288        
-0.054    0.177312        
-0.053    0.210598        
-0.052    0.248289        
-0.051    0.290361        
-0.05    0.336557        
-0.049    0.386347        
-0.048    0.43888            
-0.047    0.492968        
-0.046    0.547136        
-0.045    0.599736        
-0.044    0.649132        
-0.043    0.693939        
-0.042    0.733208        
-0.041    0.766523        
-0.04    0.793963        
-0.039    0.815977        
-0.038    0.83323            
-0.037    0.846466        
-0.036    0.856419        
-0.035    0.863765        
-0.034    0.869091        
-0.033    0.872886        
-0.032    0.875531        
-0.031    0.87731            
-0.03    0.878418        
-0.029    0.878971        
-0.028    0.879012        
-0.027    0.878514        
-0.026    0.877388        
-0.025    0.87548            
-0.024    0.872555        
-0.023    0.868274        
-0.022    0.862166        
-0.021    0.853609        
-0.02    0.841824        
-0.019    0.825899        
-0.018    0.804845        
-0.017    0.77772            
-0.016    0.743799        
-0.015    0.70277            
-0.014    0.654893        
-0.013    0.601046        
-0.012    0.542646        
-0.011    0.481459        
-0.01    0.419374        
-0.009    0.358209        
-0.008    0.299586        
-0.007    0.244848        
-0.006    0.195007        
-0.005    0.150671        
-0.004    0.111975        
-0.003    0.078552        
-0.002    0.0495498        
-0.001    0.0237203        
0        -0.000455406    
0.001    -0.0246312        
0.002    -0.050461        
0.003    -0.0794644        
0.004    -0.11289        
0.005    -0.151588        
0.006    -0.195927        
0.007    -0.24577        
0.008    -0.300511        
0.009    -0.359139        
0.01    -0.420309        
0.011    -0.482399        
0.012    -0.543591        
0.013    -0.601997        
0.014    -0.655851        
0.015    -0.703735        
0.016    -0.744771        
0.017    -0.7787            
0.018    -0.805834        
0.019    -0.826897        
0.02    -0.842833        
0.021    -0.854628        
0.022    -0.863196        
0.023    -0.869315        
0.024    -0.873609        
0.025    -0.876547        
0.026    -0.878468        
0.027    -0.879607        
0.028    -0.88012        
0.029    -0.880095        
0.03    -0.879559        
0.031    -0.878467        
0.032    -0.876705        
0.033    -0.874078        
0.034    -0.870303        
0.035    -0.864997        
0.036    -0.857672        
0.037    -0.84774        
0.038    -0.834526        
0.039    -0.817297        
0.04    -0.795307        
0.041    -0.767893        
0.042    -0.734604        
0.043    -0.695362        
0.044    -0.650584        
0.045    -0.601218        
0.046    -0.548649        
0.047    -0.494512        
0.048    -0.440457        
0.049    -0.387961        
0.05    -0.338208        
0.051    -0.292049        
0.052    -0.250018        
0.053    -0.212368        
0.054    -0.179127        
0.055    -0.15015        
0.056    -0.12517        
0.057    -0.103842        
0.058    -0.0857839        
0.059    -0.0705995        
0.06    -0.0579065        
0.061    -0.0473478        
0.062    -0.0386011        
0.063    -0.0313812        
0.064    -0.0254412        
0.065    -0.0205692        
0.066    -0.0165861        
0.067    -0.0133408        
0.068    -0.0107076        
0.069    -0.00858134        
0.07    -0.00687535        
0.071    -0.00551699        
0.072    -0.00444719        
0.073    -0.00361617        
0.074    -0.00298415        
0.075    -0.00251693        
0.076    -0.00218794        
0.077    -0.00197376        
0.078    -0.00185726        
0.079    -0.00182244        
0.08    -0.00185891        
0.081    -0.00195561        
0.082    -0.00210727        
0.083    -0.00230634        
0.084    -0.0025518        
0.085    -0.00283846        
0.086    -0.00316882        
0.087    -0.00353939        
0.088    -0.00395625        
0.089    -0.00441712        
0.09    -0.00493168        
0.091    -0.00549836        
0.092    -0.0061305        
0.093    -0.00682715        
0.094    -0.0076049        
0.095    -0.00846318        
0.096    -0.00941973        
0.097    -0.0104742        
0.098    -0.0116411        
0.099    -0.0129201        
0.1        -0.0143133        
0.101    -0.0158205        
0.102    -0.0174193        
0.103    -0.0191096        
0.104    -0.0208362        
0.105    -0.0225992        
0.106    -0.0243171        
0.107    -0.02599        
0.108    -0.0275372        
0.109    -0.0289591        
0.11    -0.0302074        
0.111    -0.0312823        
0.112    -0.0321796        
0.113    -0.0328995        
0.114    -0.0334693        
0.115    -0.0338893        
0.116    -0.0341974        
0.117    -0.034394        
0.118    -0.0345146        
0.119    -0.0345594        
0.12    -0.0345575        
0.121    -0.034509        
0.122    -0.034437        
0.123    -0.0343417        
0.124    -0.0342408        
0.125    -0.0341346        
0.126    -0.0340339        
0.127    -0.033939        
0.128    -0.0338525        
0.129    -0.0337746        
0.13    -0.0337011        
0.131    -0.0336321        
0.132    -0.0335605        
0.133    -0.0334863        
0.134    -0.0334038        
0.135    -0.033313        
0.136    -0.0332109        
0.137    -0.0330976        
0.138    -0.032973        
0.139    -0.0328372        
0.14    -0.0326924        
0.141    -0.0325387        
0.142    -0.0323799        
0.143    -0.0322161        
0.144    -0.0320522        
0.145    -0.0318882        
0.146    -0.0317285        
0.147    -0.0315731        
0.148    -0.0314241        
0.149    -0.0312816        
0.15    -0.0311443        
0.151    -0.0310124        
0.152    -0.0308822        
0.153    -0.0307538        
0.154    -0.0306233        
0.155    -0.0304909        
0.156    -0.0303537        
0.157    -0.0302118        
0.158    -0.0300643        
0.159    -0.0299112        
0.16    -0.0297531        
0.161    -0.0295902        
0.162    -0.0294245        
0.163    -0.0292561        
0.164    -0.0290881        
0.165    -0.0289205        
0.166    -0.0287562        
0.167    -0.0285952        
0.168    -0.028439        
0.169    -0.0282877        
0.17    -0.0281405        
0.171    -0.0279975        
0.172    -0.0278562        
0.173    -0.0277165        
0.174    -0.0275758        
0.175    -0.027434        
0.176    -0.027289        
0.177    -0.0271409        
0.178    -0.0269888        
0.179    -0.0268327        
0.18    -0.0266731        
0.181    -0.0265099        
0.182    -0.0263448        
0.183    -0.0261775        
0.184    -0.0260105        
0.185    -0.0258437        
0.186    -0.0256794        
0.187    -0.0255176        
0.188    -0.0253594        
0.189    -0.0252051        
0.19    -0.025054        
0.191    -0.0249062        
0.192    -0.02476        
0.193    -0.0246152        
0.194    -0.0244698        
0.195    -0.0243237        
0.196    -0.0241753        
0.197    -0.0240245        
0.198    -0.0238707        
0.199    -0.0237139        
0.2    -0.0235542            
0.201    -0.0233918        
0.202    -0.0232277        
0.203    -0.023062        
0.204    -0.0228963        
0.205    -0.0227307        
0.206    -0.0225669        
0.207    -0.0224051        
0.208    -0.0222463        
0.209    -0.0220904        
0.21    -0.0219373        
0.211    -0.0217869        
0.212    -0.0216379        
0.213    -0.0214902        
0.214    -0.0213421        
0.215    -0.0211936        
0.216    -0.0210433        
0.217    -0.0208912        
0.218    -0.0207367        
0.219    -0.0205797        
0.22    -0.0204205        
0.221    -0.020259        
0.222    -0.0200961        
0.223    -0.0199318        
0.224    -0.0197674        
0.225    -0.019603        
0.226    -0.01944        
0.227    -0.0192786        
0.228    -0.0191195        
0.229    -0.0189627        
0.23    -0.0188083        
0.231    -0.0186561        
0.232    -0.018505        
0.233    -0.0183552        
0.234    -0.0182052        
0.235    -0.0180548        
0.236    -0.0179032        
0.237    -0.0177501        
0.238    -0.0175951        
0.239    -0.0174382        
0.24    -0.0172794        
0.241    -0.0171188        
0.242    -0.016957        
0.243    -0.0167939        
0.244    -0.0166308        
0.245    -0.0164675        
0.246    -0.0163053        
0.247    -0.0161442        
0.248    -0.015985        
0.249    -0.0158277        
0.25    -0.0156723        
0.251    -0.0155187        
0.252    -0.0153662        
0.253    -0.0152146        
0.254    -0.0150629        
0.255    -0.0149111        
0.256    -0.0147583        
0.257    -0.0146044        
0.258    -0.014449        
0.259    -0.0142921        
0.26    -0.0141337        
0.261    -0.0139739        
0.262    -0.013813        
0.263    -0.0136512        
0.264    -0.0134892        
0.265    -0.0133271        
0.266    -0.0131658        
0.267    -0.0130052        
0.268    -0.0128461        
0.269    -0.0126885        
0.27    -0.0125323        
0.271    -0.0123776        
0.272    -0.0122238        
0.273    -0.0120707        
0.274    -0.0119177        
0.275    -0.0117645        
0.276    -0.0116106        
0.277    -0.011456        
0.278    -0.0113001        
0.279    -0.0111432        
0.28    -0.0109851        
0.281    -0.010826        
0.282    -0.010666        
0.283    -0.0105053        
0.284    -0.0103445        
0.285    -0.0101835        
0.286    -0.010023        
0.287    -0.00986317        
0.288    -0.00970435        
0.289    -0.00954656        
0.29    -0.00938987        
0.291    -0.00923427        
0.292    -0.00907931        
0.293    -0.00892499        
0.294    -0.00877065        
0.295    -0.00861627        
0.296    -0.00846136        
0.297    -0.00830591        
0.298    -0.00814966        
0.299    -0.00799264        
0.3         -0.00783482    
0.301    -0.00767621        
0.302    -0.00751707        
0.303    -0.00735742        
0.304    -0.00719765        
0.305    -0.00703778        
0.306    -0.00687828        
0.307    -0.00671916        
0.308    -0.00656073        
0.309    -0.00640299        
0.31    -0.00624597        
0.311    -0.00608967        
0.312    -0.00593378        
0.313    -0.0057783        
0.314    -0.0056228        
0.315    -0.0054673        
0.316    -0.00531145        
0.317    -0.00515525        
0.318    -0.00499855        
0.319    -0.00484136        
0.32    -0.00468371        
0.321    -0.0045256        
0.322    -0.0043672        
0.323    -0.00420851        
0.324    -0.00404978        
0.325    -0.00389102        
0.326    -0.00373248        
0.327    -0.00357417        
0.328    -0.00341624        
0.329    -0.00325869        
0.33    -0.0031015        
0.331    -0.00294467        
0.332    -0.00278801        
0.333    -0.00263152        
0.334    -0.00247499        
0.335    -0.00231841        
0.336    -0.00216164        
0.337    -0.00200469        
0.338    -0.00184752        
0.339    -0.00169014        
0.34    -0.0015326        
0.341    -0.00137492        
0.342    -0.00121719        
0.343    -0.00105942        
0.344    -0.000901718    
0.345    -0.000744079    
0.346    -0.000586562    
0.347    -0.000429167    
0.348    -0.000271867    
0.349    -0.000114664    
0.35    4.25352E-05        
0.351    0.00019973        
0.352    0.000357012        
0.353    0.000514382        
0.354    0.000671865        
0.355    0.000829461        
0.356    0.000987114        
0.357    0.00114482        
0.358    0.00130248        
0.359    0.00146009        
0.36    0.00161754        
0.361    0.00177482        
0.362    0.00193189        
0.363    0.00208873        
0.364    0.00224538        
0.365    0.00240183        
0.366    0.00255822        
0.367    0.00271456        
0.368    0.00287107        
0.369    0.00302774        
0.37    0.00318475        
0.371    0.00334211        
0.372    0.00349985        
0.373    0.00365796        
0.374    0.00381628        
0.375    0.00397483        
0.376    0.00413332        
0.377    0.00429178        
0.378    0.00444993        
0.379    0.00460779        
0.38    0.00476517        
0.381    0.00492208        
0.382    0.00507849        
0.383    0.00523439        
0.384    0.00538993        
0.385    0.00554512        
0.386    0.00570028        
0.387    0.00585543        
0.388    0.00601097        
0.389    0.00616692        
0.39    0.00632356        
0.391    0.00648092        
0.392    0.00663896        
0.393    0.00679768        
0.394    0.00695677        
0.395    0.00711621        
0.396    0.00727554        
0.397    0.00743475        
0.398    0.00759343        
0.399    0.00775156        
0.4        0.0079089        
0.401    0.00806543        
0.402    0.00822117        
0.403    0.0083761        
0.404    0.00853048        
0.405    0.00868431        
0.406    0.0088381        
0.407    0.00899185        
0.408    0.00914622        
0.409    0.00930122        
0.41    0.0094573        
0.411    0.00961447        
0.412    0.00977265        
0.413    0.00993186        
0.414    0.0100916        
0.415    0.0102519        
0.416    0.0104104        
0.417    0.0105628        
0.418    0.0107145        
0.419    0.0108654        
0.42    0.0110145        
0.421    0.0111603        
0.422    0.0113048        
0.423    0.0114482        
0.424    0.0115906        
0.425    0.0117318        
0.426    0.0118728        
0.427    0.0120138        
0.428    0.0121555        
0.429    0.0122974        
0.43    0.0124407        
0.431    0.0125855        
0.432    0.0127316        
0.433    0.0128785        
0.434    0.0130262        
0.435    0.0131746        
0.436    0.0133228        
0.437    0.01347            
0.438    0.0136162        
0.439    0.0137614        
0.44    0.013905        
0.441    0.0140463        
0.442    0.0141861        
0.443    0.0143243        
0.444    0.0144614        
0.445    0.0145966        
0.446    0.0147316        
0.447    0.0148664        
0.448    0.0150022        
0.449    0.0151379        
0.45    0.0152755        
0.451    0.0154149        
0.452    0.0155561        
0.453    0.0156982        
0.454    0.0158413        
0.455    0.0159855        
0.456    0.0161294        
0.457    0.016272        
0.458    0.0164133        
0.459    0.0165535        
0.46    0.0166917        
0.461    0.0168267        
0.462    0.0169597        
0.463    0.0170908        
0.464    0.0172205        
0.465    0.0173474        
0.466    0.0174739        
0.467    0.0176002        
0.468    0.0177276        
0.469    0.0178546        
0.47    0.0179838        
0.471    0.0181152        
0.472    0.018249        
0.473    0.0183835        
0.474    0.0185194        
0.475    0.0186567        
0.476    0.0187939        
0.477    0.0189292        
0.478    0.0190629        
0.479    0.0191952        
0.48    0.0193251        
0.481    0.0194509        
0.482    0.019574        
0.483    0.0196947        
0.484    0.0198136        
0.485    0.0199287        
0.486    0.0200431        
0.487    0.020157        
0.488    0.0202722        
0.489    0.0203865        
0.49    0.0205031        
0.491    0.0206224        
0.492    0.0207446        
0.493    0.0208677        
0.494    0.0209922        
0.495    0.0211185        
0.496    0.0212448        
0.497    0.0213687        
0.498    0.0214903        
0.499    0.0216102        
0.5        0.0217272        
0.501    0.0218389        
0.502    0.0219469        
0.503    0.0220518        
0.504    0.0221542        
0.505    0.0222517        
0.506    0.0223477        
0.507    0.022443        
0.508    0.0225396        
0.509    0.0226347        
0.51    0.0227322        
0.511    0.0228328        
0.512    0.0229372        
0.513    0.0230422        
0.514    0.0231486        
0.515    0.0232575        
0.516    0.0233664        
0.517    0.0234722        
0.518    0.0235745        
0.519    0.0236747        
0.52    0.0237713        
0.521    0.0238608        
0.522    0.0239448        
0.523    0.0240247        
0.524    0.0241014        
0.525    0.0241712        
0.526    0.0242382        
0.527    0.024304        
0.528    0.0243714        
0.529    0.0244362        
0.53    0.0245031        
0.531    0.0245739        
0.532    0.0246496        
0.533    0.0247258        
0.534    0.0248031        
0.535    0.0248835        
0.536    0.0249643        
0.537    0.0250407        
0.538    0.0251115        
0.539    0.0251796        
0.54    0.0252426        
0.541    0.0252958        
0.542    0.0253401        
0.543    0.0253787        
0.544    0.0254126        
0.545    0.0254366        
0.546    0.025455        
0.547    0.0254713        
0.548    0.0254894        
0.549    0.0255034        
0.55    0.025518        
0.551    0.0255379        
0.552    0.0255643        
0.553    0.0255913        
0.554    0.0256178        
0.555    0.0256487        
0.556    0.0256796        
0.557    0.0257039        
0.558    0.0257173        
0.559    0.0257258        
0.56    0.0257255        
0.561    0.0257093        
0.562    0.0256753        
0.563    0.0256302        
0.564    0.0255741        
0.565    0.0255            
0.566    0.0254102        
0.567    0.0253125        
0.568    0.0252127        
0.569    0.0251021        
0.57    0.0249866        
0.571    0.0248761        
0.572    0.0247747        
0.573    0.0246741        
0.574    0.0245695        
0.575    0.0244714        
0.576    0.0243686        
0.577    0.0242518        
0.578    0.0240999        
0.579    0.0239257        
0.58    0.023706        
0.581    0.0234305        
0.582    0.0230656        
0.583    0.0226262        
0.584    0.0220768        
0.585    0.021407        
0.586    0.0205724        
0.587    0.0195897        
0.588    0.0184317        
0.589    0.0170857        
0.59    0.0155465        
0.591    0.0138362        
0.592    0.012003        
0.593    0.0100346        
0.594    0.00800039        
0.595    0.00592405        
0.596    0.00388711        
0.597     0.00187558        
0.598    -7.02978E-05    
0.599    -0.00192133        
0.6        -0.00365502        
0.601    -0.00528692        
0.602    -0.00683904        
0.603    -0.00827578        
0.604    -0.00961174        
0.605    -0.0108627        
0.606    -0.0120707        
0.607    -0.0131962        
0.608    -0.0142564        
0.609    -0.0152708        
0.61    -0.0162886        
0.611    -0.0172557        
0.612    -0.0181837        
0.613    -0.019092        
0.614    -0.0200303        
0.615    -0.0209384        
0.616    -0.0218231        
0.617    -0.0227061        
0.618    -0.0236465        
0.619    -0.0245687        
0.62    -0.0254763        
0.621    -0.0263946        
0.622    -0.0273992        
0.623    -0.0283922        
0.624    -0.0293761        
0.625    -0.0303762        
0.626    -0.0314818        
0.627    -0.0325799        
0.628    -0.033672        
0.629    -0.0347895        
0.63    -0.0360635        
0.631    -0.0373325        
0.632    -0.0385974        
0.633    -0.0398903        
0.634    -0.0413723        
0.635    -0.0428509        
0.636    -0.0443266        
0.637    -0.0458352        
0.638    -0.0475969        
0.639    -0.0493561        
0.64    -0.0511131        
0.641    -0.0529097        
0.642    -0.0550668        
0.643    -0.0572221        
0.644    -0.0593758        
0.645    -0.0615687        
0.646    -0.0642112        
0.647    -0.0668523        
0.648    -0.0694923        
0.649    -0.0721783        
0.65    -0.0755684        
0.651    -0.0789574        
0.652    -0.0823455        
0.653    -0.0857749        
0.654    -0.0901503        
0.655    -0.094525        
0.656    -0.0988989        
0.657    -0.103304        
0.658    -0.109083        
0.659    -0.114861        
0.66    -0.120639        
0.661    -0.126422        
0.662    -0.13441        
0.663    -0.142398        
0.664    -0.150385        
0.665    -0.158372        
0.666    -0.169994        
0.667    -0.181681        
0.668    -0.193368        
0.669    -0.205055        
0.67    -0.219785        
0.671    -0.234635        
0.672    -0.249485        
0.673    -0.264334        
0.674    -0.28321        
0.675    -0.302332        
0.676    -0.321455        
0.677    -0.340577        
0.678    -0.361106        
0.679    -0.381755        
0.68    -0.402403        
0.681    -0.423051        
0.682    -0.440224        
0.683    -0.457019        
0.684    -0.473814        
0.685    -0.490609        
0.686    -0.50297        
0.687    -0.514736        
0.688    -0.526503        
0.689    -0.538269        
0.69    -0.544653        
0.691    -0.550173        
0.692    -0.555693        
0.693    -0.561213        
0.694    -0.564386        
0.695    -0.567119        
0.696    -0.569851        
0.697    -0.572582        
0.698    -0.574098        
0.699    -0.575349        
0.7        -0.576599        
0.701    -0.57785        
0.702    -0.578101        
0.703    -0.578104        
0.704    -0.578107        
0.705    -0.57811        
0.706    -0.578113        
0.707    -0.578116        
0.708    -0.578119        
0.709    -0.578121        
0.71    -0.578124        
0.711    -0.578127        
0.712    -0.578129        
0.713    -0.578132        
0.714    -0.578134        
0.715    -0.578136        
0.716    -0.578138        
0.717    -0.578141        
0.718    -0.578143        
0.719    -0.578145        
0.72    -0.578147        
0.721    -0.578149        
0.722    -0.578151        
0.723    -0.578153        
0.724    -0.578154        
0.725    -0.578156        
0.726    -0.578158        
0.727    -0.57816        
0.728    -0.578161        
0.729    -0.578163        
0.73    -0.578164        
0.731    -0.578166        
0.732    -0.578167        
0.733    -0.578169        
0.734    -0.57817        
0.735    -0.578172        
0.736    -0.578173        
0.737    -0.578174        
0.738    -0.578176        
0.739    -0.578177        
0.74    -0.578178        
0.741    -0.578179        
0.742    -0.57818        
0.743    -0.578182        
0.744    -0.578183        
0.745    -0.578184        
0.746    -0.578185        
0.747    -0.578186        
0.748    -0.578187        
0.749    -0.578188        
0.75    -0.578188        
0.751    -0.578188        
0.752    -0.578188        
0.753    -0.578188        
0.754    -0.578188        
0.755    -0.578188        
0.756    -0.578188        
0.757    -0.578188        
0.758    -0.578188        
0.759    -0.578188        
0.76    -0.578188        
0.761    -0.578188        
0.762    -0.578188        
0.763    -0.578188        
0.764    -0.578188        
0.765    -0.578188        
0.766    -0.578188        
0.767    -0.578188        
0.768    -0.578188        
0.769    -0.578188        
0.77    -0.578188        
0.771    -0.578188        
0.772    -0.578188        
0.773    -0.578188        
0.774    -0.578188        
0.775    -0.578188        
0.776    -0.578188        
0.777    -0.578188        
0.778    -0.578188        
0.779    -0.578188        
0.78    -0.578188        
0.781    -0.578188        
0.782    -0.578188        
0.783    -0.578188        
0.784    -0.578188        
0.785    -0.578188        
0.786    -0.578188        
0.787    -0.578188        
0.788    -0.578188        
0.789    -0.578188        
0.79    -0.578188        
0.791    -0.578188        
0.792    -0.578188        
0.793    -0.578188        
0.794    -0.578188        
0.795    -0.578188        
0.796    -0.578188        
0.797    -0.578188        
0.798    -0.578188        
0.799    -0.578188        
0.8        -0.578188        
0.801    -0.578188        
0.802    -0.578188        
0.803    -0.578188        
0.804    -0.578188        
0.805    -0.578188        
0.806    -0.578188        
0.807    -0.578188        
0.808    -0.578188        
0.809    -0.578188        
0.81    -0.578188        
0.811    -0.578188        
0.812    -0.578188        
0.813    -0.578188        
0.814    -0.578188        
0.815    -0.578188        
0.816    -0.578188        
0.817    -0.578188        
0.818    -0.578188        
0.819    -0.578188        
0.82    -0.578188        
0.821    -0.578188        
0.822    -0.578188        
0.823    -0.578188        
0.824    -0.578188        
0.825    -0.578188        
0.826    -0.578188        
0.827    -0.578188        
0.828    -0.578188        
0.829    -0.578188        
0.83    -0.578188        
0.831    -0.578188        
0.832    -0.578188        
0.833    -0.578188        
0.834    -0.578188        
0.835    -0.578188        
0.836    -0.578188        
0.837    -0.578188        
0.838    -0.578188        
0.839    -0.578188        
0.84    -0.578188        
0.841    -0.578188        
0.842    -0.578188        
0.843    -0.578188        
0.844    -0.578188        
0.845    -0.578188        
0.846    -0.578188        
0.847    -0.578188        
0.848    -0.578188        
0.849    -0.578188        
0.85    -0.578188        
0.851    -0.578188        
0.852    -0.578188        
0.853    -0.578188        
0.854    -0.578188        
0.855    -0.578188        
0.856    -0.578188        
0.857    -0.578188        
0.858    -0.578188        
0.859    -0.578188        
0.86    -0.578188        
0.861    -0.578188        
0.862    -0.578188        
0.863    -0.578188        
0.864    -0.578188        
0.865    -0.578188        
0.866    -0.578188        
0.867    -0.578188        
0.868    -0.578188        
0.869    -0.578188        
0.87    -0.578188        
0.871    -0.578188        
0.872    -0.578188        
0.873    -0.578188        
0.874    -0.578188        
0.875    -0.578188        
0.876    -0.578188        
0.877    -0.578188        
0.878    -0.578188        
0.879    -0.578188        
0.88    -0.578188        
0.881    -0.578188        
0.882    -0.578188        
0.883    -0.578188        
0.884    -0.578188        
0.885    -0.578188        
0.886    -0.578188        
0.887    -0.578188        
0.888    -0.578188        
0.889    -0.578188        
0.89    -0.578188        
0.891    -0.578188        
0.892    -0.578188        
0.893    -0.578188        
0.894    -0.578188        
0.895    -0.578188        
0.896    -0.578188        
0.897    -0.578188        
0.898    -0.578188        
0.899    -0.578188        
0.9        -0.578188        
0.901    -0.578188        
0.902    -0.578188        
0.903    -0.578188        
0.904    -0.578188        
0.905    -0.578188        
0.906    -0.578188        
0.907    -0.578188        
0.908    -0.578188        
0.909    -0.578188        
0.91    -0.578188        
0.911    -0.578188        
0.912    -0.578188        
0.913    -0.578188        
0.914    -0.578188        
0.915    -0.578188        
0.916    -0.578188        
0.917    -0.578188        
0.918    -0.578188        
0.919    -0.578188        
0.92    -0.578188        
0.921    -0.578188        
0.922    -0.578188        
0.923    -0.578188        
0.924    -0.578188        
0.925    -0.578188        
0.926    -0.578188        
0.927    -0.578188        
0.928    -0.578188        
0.929    -0.578188        
0.93    -0.578188        
0.931    -0.578188        
0.932    -0.578188        
0.933    -0.578188        
0.934    -0.578188        
0.935    -0.578188        
0.936    -0.578188        
0.937    -0.578188        
0.938    -0.578188        
0.939    -0.578188        
0.94    -0.578188        
0.941    -0.578188        
0.942    -0.578188        
0.943    -0.578188        
0.944    -0.578188        
0.945    -0.578188        
0.946    -0.578188        
0.947    -0.578188        
0.948    -0.578188        
0.949    -0.578188        
0.95    -0.578188        
0.951    -0.578188        
0.952    -0.578188        
0.953    -0.578188        
0.954    -0.578188        
0.955    -0.578188        
0.956    -0.578188        
0.957    -0.578188        
0.958    -0.578188        
0.959    -0.578188        
0.96    -0.578188        
0.961    -0.578188        
0.962    -0.578188        
0.963    -0.578188        
0.964    -0.578188        
0.965    -0.578188        
0.966    -0.578188        
0.967    -0.578188        
0.968    -0.578188        
0.969    -0.578188        
0.97    -0.578188        
0.971    -0.578188        
0.972    -0.578188        
0.973    -0.578188        
0.974    -0.578188        
0.975    -0.578188        
0.976    -0.578188        
0.977    -0.578188        
0.978    -0.578188        
0.979    -0.578188        
0.98    -0.578188        
0.981    -0.578187        
0.982    -0.578187        
0.983    -0.578187        
0.984    -0.578187        
0.985    -0.578187        
0.986    -0.578187        
0.987    -0.578187        
0.988    -0.578187        
0.989    -0.578187        
0.99    -0.578187        
0.991    -0.578187        
0.992    -0.578187        
0.993    -0.578187        
0.994    -0.578187        
0.995    -0.578187        
0.996    -0.578187        
0.997    -0.578187        
0.998    -0.578187        
0.999    -0.578187        
1        -0.578187        
