Node Number	x	y	z	Deformation
55872	-0.5	0	0	-2.54E-05
55873	-0.333	0	3.76E-16	-9.18E-06
55874	-0.166	0	3.84E-16	-7.45E-07
55879	0	0	0	0.00E+00
55880	0.166	0	4.00E-16	-7.04E-06
55881	0.333	0	4.08E-16	-2.18E-05
55882	0.5	0	0	-4.43E-05
55883	0.166	3.476	4.00E-16	-7.12E-06
55884	0.166	6.882	4.00E-16	-7.36E-06
55885	0.166	10.22	4.00E-16	-7.76E-06
55886	0.166	13.49	4.00E-16	-8.31E-06
55887	0.166	16.695	4.00E-16	-9.00E-06
55888	0.166	19.834	4.00E-16	-9.81E-06
55889	0.166	22.911	4.00E-16	-1.07E-05
55890	0.166	25.926	4.00E-16	-1.17E-05
55891	0.166	28.879	4.00E-16	-1.28E-05
55892	0.166	31.774	4.00E-16	-1.39E-05
55893	0.166	34.61	4.00E-16	-1.50E-05
55894	0.166	37.389	4.00E-16	-1.63E-05
55895	0.166	40.112	4.00E-16	-1.76E-05
55896	0.166	42.78	4.00E-16	-1.88E-05
55897	0.166	45.394	4.00E-16	-2.00E-05
55898	0.166	47.956	4.00E-16	-2.13E-05
55899	0.166	50.466	4.00E-16	-2.25E-05
55900	0.166	52.925	4.00E-16	-2.37E-05
55901	0.166	55.335	4.00E-16	-2.49E-05
55902	0.166	57.696	4.00E-16	-2.61E-05
55903	0.166	60.01	4.00E-16	-2.71E-05
55904	0.166	62.277	4.00E-16	-2.82E-05
55905	0.166	64.499	4.00E-16	-2.92E-05
55906	0.166	66.676	4.00E-16	-3.01E-05
55907	0.166	68.808	4.00E-16	-3.09E-05
55908	0.166	70.898	4.00E-16	-3.16E-05
55909	0.166	72.946	4.00E-16	-3.22E-05
55910	0.166	74.953	4.00E-16	-3.27E-05
55911	0.166	76.919	4.00E-16	-3.30E-05
55912	0.166	78.845	4.00E-16	-3.33E-05
55913	0.166	80.733	4.00E-16	-3.34E-05
55914	0.166	82.583	4.00E-16	-3.33E-05
55915	0.166	84.395	4.00E-16	-3.32E-05
55916	0.166	86.171	4.00E-16	-3.29E-05
55917	0.166	87.911	4.00E-16	-3.24E-05
55918	0.166	89.616	4.00E-16	-3.18E-05
55919	0.166	91.287	4.00E-16	-3.10E-05
55920	0.166	92.924	4.00E-16	-3.01E-05
55921	0.166	94.528	4.00E-16	-2.90E-05
55922	0.166	96.1	4.00E-16	-2.77E-05
55923	0.166	97.64	4.00E-16	-2.61E-05
55924	0.166	99.149	4.00E-16	-2.45E-05
55925	0.166	100.627	4.00E-16	-2.27E-05
55926	0.166	102.076	4.00E-16	-2.08E-05
55927	0.166	103.496	4.00E-16	-1.87E-05
55928	0.166	104.887	4.00E-16	-1.64E-05
55929	0.166	106.25	4.00E-16	-1.40E-05
55930	0.166	107.586	4.00E-16	-1.15E-05
55931	0.166	108.894	4.00E-16	-8.89E-06
55932	0.166	110.177	4.00E-16	-6.14E-06
55933	0.166	111.433	4.00E-16	-3.23E-06
55934	0.166	112.664	4.00E-16	-2.94E-07
55935	0.166	113.871	4.00E-16	2.70E-06
55936	0.166	115.053	4.00E-16	5.80E-06
55937	0.166	116.211	4.00E-16	8.86E-06
55938	0.166	117.346	4.00E-16	1.19E-05
55939	0.166	118.458	4.00E-16	1.50E-05
55940	0.166	119.547	4.00E-16	1.80E-05
55941	0.166	120.615	4.00E-16	2.09E-05
55942	0.166	121.661	4.00E-16	2.37E-05
55943	0.166	122.686	4.00E-16	2.64E-05
55944	0.166	123.691	4.00E-16	2.89E-05
55945	0.166	124.675	4.00E-16	3.11E-05
55946	0.166	125.639	4.00E-16	3.32E-05
55947	0.166	126.584	4.00E-16	3.50E-05
55948	0.166	127.51	4.00E-16	3.64E-05
55949	0.166	128.417	4.00E-16	3.75E-05
55950	0.166	129.306	4.00E-16	3.83E-05
55951	0.166	130.177	4.00E-16	3.86E-05
55952	0.166	131.031	4.00E-16	3.84E-05
55953	0.166	131.867	4.00E-16	3.77E-05
55954	0.166	132.687	4.00E-16	3.65E-05
55955	0.166	133.49	4.00E-16	3.48E-05
55956	0.166	134.277	4.00E-16	3.24E-05
55957	0.166	135.047	4.00E-16	2.94E-05
55958	0.166	135.803	4.00E-16	2.58E-05
55959	0.166	136.543	4.00E-16	2.14E-05
55960	0.166	137.268	4.00E-16	1.62E-05
55961	0.166	137.979	4.00E-16	1.02E-05
55962	0.166	138.675	4.00E-16	3.28E-06
55963	0.166	139.358	4.00E-16	-4.50E-06
55964	0.166	140.026	4.00E-16	-1.33E-05
55965	0.166	140.681	4.00E-16	-2.31E-05
55966	0.166	141.323	4.00E-16	-3.41E-05
55967	0.166	141.952	4.00E-16	-4.63E-05
55968	0.166	142.568	4.00E-16	-5.98E-05
55969	0.166	143.172	4.00E-16	-7.46E-05
55970	0.166	143.764	4.00E-16	-9.10E-05
55971	0.166	144.344	4.00E-16	-1.09E-04
55972	0.166	144.912	4.00E-16	-1.29E-04
55973	0.166	145.469	4.00E-16	-1.51E-04
55974	0.166	146.014	4.00E-16	-1.75E-04
55975	0.166	146.548	4.00E-16	-2.02E-04
55976	0.166	147.072	4.00E-16	-2.32E-04
55977	0.166	147.585	4.00E-16	-2.65E-04
55978	0.166	148.088	4.00E-16	-3.02E-04
55979	0.166	148.581	4.00E-16	-3.45E-04
55980	0.166	149.064	4.00E-16	-3.95E-04
55981	0.166	149.537	4.00E-16	-4.57E-04
55982	0.333	3.476	4.08E-16	-2.19E-05
55983	0.333	6.882	4.08E-16	-2.21E-05
55984	0.333	10.22	4.08E-16	-2.25E-05
55985	0.333	13.49	4.08E-16	-2.30E-05
55986	0.333	16.695	4.08E-16	-2.37E-05
55987	0.333	19.834	4.08E-16	-2.45E-05
55988	0.333	22.911	4.08E-16	-2.54E-05
55989	0.333	25.926	4.08E-16	-2.64E-05
55990	0.333	28.879	4.08E-16	-2.74E-05
55991	0.333	31.774	4.08E-16	-2.85E-05
55992	0.333	34.61	4.08E-16	-2.97E-05
55993	0.333	37.389	4.08E-16	-3.09E-05
55994	0.333	40.112	4.08E-16	-3.22E-05
55995	0.333	42.78	4.08E-16	-3.34E-05
55996	0.333	45.394	4.08E-16	-3.46E-05
55997	0.333	47.956	4.08E-16	-3.59E-05
55998	0.333	50.466	4.08E-16	-3.71E-05
55999	0.333	52.925	4.08E-16	-3.82E-05
56000	0.333	55.335	4.08E-16	-3.94E-05
56001	0.333	57.696	4.08E-16	-4.05E-05
56002	0.333	60.01	4.08E-16	-4.16E-05
56003	0.333	62.277	4.08E-16	-4.27E-05
56004	0.333	64.499	4.08E-16	-4.36E-05
56005	0.333	66.676	4.08E-16	-4.45E-05
56006	0.333	68.808	4.08E-16	-4.53E-05
56007	0.333	70.898	4.08E-16	-4.60E-05
56008	0.333	72.946	4.08E-16	-4.65E-05
56009	0.333	74.953	4.08E-16	-4.70E-05
56010	0.333	76.919	4.08E-16	-4.73E-05
56011	0.333	78.845	4.08E-16	-4.75E-05
56012	0.333	80.733	4.08E-16	-4.76E-05
56013	0.333	82.583	4.08E-16	-4.75E-05
56014	0.333	84.395	4.08E-16	-4.73E-05
56015	0.333	86.171	4.08E-16	-4.70E-05
56016	0.333	87.911	4.08E-16	-4.65E-05
56017	0.333	89.616	4.08E-16	-4.59E-05
56018	0.333	91.287	4.08E-16	-4.51E-05
56019	0.333	92.924	4.08E-16	-4.41E-05
56020	0.333	94.528	4.08E-16	-4.29E-05
56021	0.333	96.1	4.08E-16	-4.16E-05
56022	0.333	97.64	4.08E-16	-4.01E-05
56023	0.333	99.149	4.08E-16	-3.84E-05
56024	0.333	100.627	4.08E-16	-3.66E-05
56025	0.333	102.076	4.08E-16	-3.46E-05
56026	0.333	103.496	4.08E-16	-3.25E-05
56027	0.333	104.887	4.08E-16	-3.01E-05
56028	0.333	106.25	4.08E-16	-2.77E-05
56029	0.333	107.586	4.08E-16	-2.52E-05
56030	0.333	108.894	4.08E-16	-2.25E-05
56031	0.333	110.177	4.08E-16	-1.97E-05
56032	0.333	111.433	4.08E-16	-1.68E-05
56033	0.333	112.664	4.08E-16	-1.38E-05
56034	0.333	113.871	4.08E-16	-1.08E-05
56035	0.333	115.053	4.08E-16	-7.61E-06
56036	0.333	116.211	4.08E-16	-4.51E-06
56037	0.333	117.346	4.08E-16	-1.41E-06
56038	0.333	118.458	4.08E-16	1.72E-06
56039	0.333	119.547	4.08E-16	4.74E-06
56040	0.333	120.615	4.08E-16	7.68E-06
56041	0.333	121.661	4.08E-16	1.06E-05
56042	0.333	122.686	4.08E-16	1.33E-05
56043	0.333	123.691	4.08E-16	1.58E-05
56044	0.333	124.675	4.08E-16	1.81E-05
56045	0.333	125.639	4.08E-16	2.03E-05
56046	0.333	126.584	4.08E-16	2.21E-05
56047	0.333	127.51	4.08E-16	2.35E-05
56048	0.333	128.417	4.08E-16	2.47E-05
56049	0.333	129.306	4.08E-16	2.54E-05
56050	0.333	130.177	4.08E-16	2.58E-05
56051	0.333	131.031	4.08E-16	2.56E-05
56052	0.333	131.867	4.08E-16	2.50E-05
56053	0.333	132.687	4.08E-16	2.39E-05
56054	0.333	133.49	4.08E-16	2.22E-05
56055	0.333	134.277	4.08E-16	1.98E-05
56056	0.333	135.047	4.08E-16	1.68E-05
56057	0.333	135.803	4.08E-16	1.32E-05
56058	0.333	136.543	4.08E-16	8.81E-06
56059	0.333	137.268	4.08E-16	3.67E-06
56060	0.333	137.979	4.08E-16	-2.35E-06
56061	0.333	138.675	4.08E-16	-9.24E-06
56062	0.333	139.358	4.08E-16	-1.70E-05
56063	0.333	140.026	4.08E-16	-2.57E-05
56064	0.333	140.681	4.08E-16	-3.56E-05
56065	0.333	141.323	4.08E-16	-4.65E-05
56066	0.333	141.952	4.08E-16	-5.87E-05
56067	0.333	142.568	4.08E-16	-7.22E-05
56068	0.333	143.172	4.08E-16	-8.70E-05
56069	0.333	143.764	4.08E-16	-1.03E-04
56070	0.333	144.344	4.08E-16	-1.21E-04
56071	0.333	144.912	4.08E-16	-1.41E-04
56072	0.333	145.469	4.08E-16	-1.63E-04
56073	0.333	146.014	4.08E-16	-1.87E-04
56074	0.333	146.548	4.08E-16	-2.14E-04
56075	0.333	147.072	4.08E-16	-2.44E-04
56076	0.333	147.585	4.08E-16	-2.77E-04
56077	0.333	148.088	4.08E-16	-3.14E-04
56078	0.333	148.581	4.08E-16	-3.57E-04
56079	0.333	149.064	4.08E-16	-4.07E-04
56080	0.333	149.537	4.08E-16	-4.67E-04
56081	0.333	150	4.08E-16	-5.46E-04
56082	0.166	150	4.00E-16	-5.39E-04
56083	0.5	150	0	-5.57E-04
56084	0.5	149.537	4.16E-16	-4.83E-04
56085	0.5	149.064	4.16E-16	-4.24E-04
56086	0.5	148.581	4.16E-16	-3.75E-04
56087	0.5	148.088	4.16E-16	-3.33E-04
56088	0.5	147.585	4.16E-16	-2.96E-04
56089	0.5	147.072	4.16E-16	-2.63E-04
56090	0.5	146.548	4.16E-16	-2.33E-04
56091	0.5	146.014	4.16E-16	-2.06E-04
56092	0.5	145.469	4.16E-16	-1.82E-04
56093	0.5	144.912	4.16E-16	-1.61E-04
56094	0.5	144.344	4.16E-16	-1.41E-04
56095	0.5	143.764	4.16E-16	-1.23E-04
56096	0.5	143.172	4.16E-16	-1.06E-04
56097	0.5	142.568	4.16E-16	-9.16E-05
56098	0.5	141.952	4.16E-16	-7.81E-05
56099	0.5	141.323	4.16E-16	-6.60E-05
56100	0.5	140.681	4.16E-16	-5.50E-05
56101	0.5	140.026	4.16E-16	-4.52E-05
56102	0.5	139.358	4.16E-16	-3.65E-05
56103	0.5	138.675	4.16E-16	-2.88E-05
56104	0.5	137.979	4.16E-16	-2.19E-05
56105	0.5	137.268	4.16E-16	-1.59E-05
56106	0.5	136.543	4.16E-16	-1.08E-05
56107	0.5	135.803	4.16E-16	-6.49E-06
56108	0.5	135.047	4.16E-16	-2.88E-06
56109	0.5	134.277	4.16E-16	8.76E-08
56110	0.5	133.49	4.16E-16	2.41E-06
56111	0.5	132.687	4.16E-16	4.08E-06
56112	0.5	131.867	4.16E-16	5.17E-06
56113	0.5	131.031	4.16E-16	5.78E-06
56114	0.5	130.177	4.16E-16	5.89E-06
56115	0.5	129.306	4.16E-16	5.50E-06
56116	0.5	128.417	4.16E-16	4.68E-06
56117	0.5	127.51	4.16E-16	3.51E-06
56118	0.5	126.584	4.16E-16	2.00E-06
56119	0.5	125.639	4.16E-16	1.27E-07
56120	0.5	124.675	4.16E-16	-2.04E-06
56121	0.5	123.691	4.16E-16	-4.40E-06
56122	0.5	122.686	4.16E-16	-6.96E-06
56123	0.5	121.661	4.16E-16	-9.77E-06
56124	0.5	120.615	4.16E-16	-1.27E-05
56125	0.5	119.547	4.16E-16	-1.57E-05
56126	0.5	118.458	4.16E-16	-1.88E-05
56127	0.5	117.346	4.16E-16	-2.20E-05
56128	0.5	116.211	4.16E-16	-2.51E-05
56129	0.5	115.053	4.16E-16	-2.83E-05
56130	0.5	113.871	4.16E-16	-3.15E-05
56131	0.5	112.664	4.16E-16	-3.46E-05
56132	0.5	111.433	4.16E-16	-3.76E-05
56133	0.5	110.177	4.16E-16	-4.06E-05
56134	0.5	108.894	4.16E-16	-4.35E-05
56135	0.5	107.586	4.16E-16	-4.62E-05
56136	0.5	106.25	4.16E-16	-4.88E-05
56137	0.5	104.887	4.16E-16	-5.12E-05
56138	0.5	103.496	4.16E-16	-5.36E-05
56139	0.5	102.076	4.16E-16	-5.58E-05
56140	0.5	100.627	4.16E-16	-5.78E-05
56141	0.5	99.149	4.16E-16	-5.97E-05
56142	0.5	97.64	4.16E-16	-6.14E-05
56143	0.5	96.1	4.16E-16	-6.30E-05
56144	0.5	94.528	4.16E-16	-6.44E-05
56145	0.5	92.924	4.16E-16	-6.55E-05
56146	0.5	91.287	4.16E-16	-6.66E-05
56147	0.5	89.616	4.16E-16	-6.74E-05
56148	0.5	87.911	4.16E-16	-6.81E-05
56149	0.5	86.171	4.16E-16	-6.86E-05
56150	0.5	84.395	4.16E-16	-6.90E-05
56151	0.5	82.583	4.16E-16	-6.92E-05
56152	0.5	80.733	4.16E-16	-6.93E-05
56153	0.5	78.845	4.16E-16	-6.93E-05
56154	0.5	76.919	4.16E-16	-6.91E-05
56155	0.5	74.953	4.16E-16	-6.88E-05
56156	0.5	72.946	4.16E-16	-6.84E-05
56157	0.5	70.898	4.16E-16	-6.79E-05
56158	0.5	68.808	4.16E-16	-6.73E-05
56159	0.5	66.676	4.16E-16	-6.65E-05
56160	0.5	64.499	4.16E-16	-6.56E-05
56161	0.5	62.277	4.16E-16	-6.47E-05
56162	0.5	60.01	4.16E-16	-6.37E-05
56163	0.5	57.696	4.16E-16	-6.27E-05
56164	0.5	55.335	4.16E-16	-6.16E-05
56165	0.5	52.925	4.16E-16	-6.04E-05
56166	0.5	50.466	4.16E-16	-5.93E-05
56167	0.5	47.956	4.16E-16	-5.81E-05
56168	0.5	45.394	4.16E-16	-5.69E-05
56169	0.5	42.78	4.16E-16	-5.57E-05
56170	0.5	40.112	4.16E-16	-5.45E-05
56171	0.5	37.389	4.16E-16	-5.33E-05
56172	0.5	34.61	4.16E-16	-5.21E-05
56173	0.5	31.774	4.16E-16	-5.09E-05
56174	0.5	28.879	4.16E-16	-4.98E-05
56175	0.5	25.926	4.16E-16	-4.89E-05
56176	0.5	22.911	4.16E-16	-4.79E-05
56177	0.5	19.834	4.16E-16	-4.70E-05
56178	0.5	16.695	4.16E-16	-4.62E-05
56179	0.5	13.49	4.16E-16	-4.55E-05
56180	0.5	10.22	4.16E-16	-4.50E-05
56181	0.5	6.882	4.16E-16	-4.46E-05
56182	0.5	3.476	4.16E-16	-4.44E-05
56183	0	3.476	3.92E-16	-7.94E-08
56184	0	6.882	3.92E-16	-3.20E-07
56185	0	10.22	3.92E-16	-7.22E-07
56186	0	13.49	3.92E-16	-1.27E-06
56187	0	16.695	3.92E-16	-1.97E-06
56188	0	19.834	3.92E-16	-2.79E-06
56189	0	22.911	3.92E-16	-3.72E-06
56190	0	25.926	3.92E-16	-4.73E-06
56191	0	28.879	3.92E-16	-5.76E-06
56192	0	31.774	3.92E-16	-6.85E-06
56193	0	34.61	3.92E-16	-8.05E-06
56194	0	37.389	3.92E-16	-9.32E-06
56195	0	40.112	3.92E-16	-1.06E-05
56196	0	42.78	3.92E-16	-1.18E-05
56197	0	45.394	3.92E-16	-1.31E-05
56198	0	47.956	3.92E-16	-1.44E-05
56199	0	50.466	3.92E-16	-1.56E-05
56200	0	52.925	3.92E-16	-1.68E-05
56201	0	55.335	3.92E-16	-1.80E-05
56202	0	57.696	3.92E-16	-1.92E-05
56203	0	60.01	3.92E-16	-2.02E-05
56204	0	62.277	3.92E-16	-2.13E-05
56205	0	64.499	3.92E-16	-2.23E-05
56206	0	66.676	3.92E-16	-2.32E-05
56207	0	68.808	3.92E-16	-2.41E-05
56208	0	70.898	3.92E-16	-2.48E-05
56209	0	72.946	3.92E-16	-2.54E-05
56210	0	74.953	3.92E-16	-2.59E-05
56211	0	76.919	3.92E-16	-2.62E-05
56212	0	78.845	3.92E-16	-2.65E-05
56213	0	80.733	3.92E-16	-2.66E-05
56214	0	82.583	3.92E-16	-2.66E-05
56215	0	84.395	3.92E-16	-2.64E-05
56216	0	86.171	3.92E-16	-2.61E-05
56217	0	87.911	3.92E-16	-2.57E-05
56218	0	89.616	3.92E-16	-2.51E-05
56219	0	91.287	3.92E-16	-2.43E-05
56220	0	92.924	3.92E-16	-2.34E-05
56221	0	94.528	3.92E-16	-2.23E-05
56222	0	96.1	3.92E-16	-2.10E-05
56223	0	97.64	3.92E-16	-1.95E-05
56224	0	99.149	3.92E-16	-1.79E-05
56225	0	100.627	3.92E-16	-1.62E-05
56226	0	102.076	3.92E-16	-1.43E-05
56227	0	103.496	3.92E-16	-1.22E-05
56228	0	104.887	3.92E-16	-9.91E-06
56229	0	106.25	3.92E-16	-7.56E-06
56230	0	107.586	3.92E-16	-5.08E-06
56231	0	108.894	3.92E-16	-2.48E-06
56232	0	110.177	3.92E-16	2.29E-07
56233	0	111.433	3.92E-16	3.11E-06
56234	0	112.664	3.92E-16	6.01E-06
56235	0	113.871	3.92E-16	8.97E-06
56236	0	115.053	3.92E-16	1.20E-05
56237	0	116.211	3.92E-16	1.51E-05
56238	0	117.346	3.92E-16	1.81E-05
56239	0	118.458	3.92E-16	2.11E-05
56240	0	119.547	3.92E-16	2.41E-05
56241	0	120.615	3.92E-16	2.69E-05
56242	0	121.661	3.92E-16	2.97E-05
56243	0	122.686	3.92E-16	3.24E-05
56244	0	123.691	3.92E-16	3.49E-05
56245	0	124.675	3.92E-16	3.71E-05
56246	0	125.639	3.92E-16	3.91E-05
56247	0	126.584	3.92E-16	4.09E-05
56248	0	127.51	3.92E-16	4.23E-05
56249	0	128.417	3.92E-16	4.33E-05
56250	0	129.306	3.92E-16	4.40E-05
56251	0	130.177	3.92E-16	4.43E-05
56252	0	131.031	3.92E-16	4.41E-05
56253	0	131.867	3.92E-16	4.34E-05
56254	0	132.687	3.92E-16	4.22E-05
56255	0	133.49	3.92E-16	4.05E-05
56256	0	134.277	3.92E-16	3.81E-05
56257	0	135.047	3.92E-16	3.50E-05
56258	0	135.803	3.92E-16	3.14E-05
56259	0	136.543	3.92E-16	2.70E-05
56260	0	137.268	3.92E-16	2.18E-05
56261	0	137.979	3.92E-16	1.58E-05
56262	0	138.675	3.92E-16	8.88E-06
56263	0	139.358	3.92E-16	1.09E-06
56264	0	140.026	3.92E-16	-7.67E-06
56265	0	140.681	3.92E-16	-1.75E-05
56266	0	141.323	3.92E-16	-2.85E-05
56267	0	141.952	3.92E-16	-4.07E-05
56268	0	142.568	3.92E-16	-5.42E-05
56269	0	143.172	3.92E-16	-6.91E-05
56270	0	143.764	3.92E-16	-8.55E-05
56271	0	144.344	3.92E-16	-1.04E-04
56272	0	144.912	3.92E-16	-1.23E-04
56273	0	145.469	3.92E-16	-1.45E-04
56274	0	146.014	3.92E-16	-1.70E-04
56275	0	146.548	3.92E-16	-1.96E-04
56276	0	147.072	3.92E-16	-2.26E-04
56277	0	147.585	3.92E-16	-2.59E-04
56278	0	148.088	3.92E-16	-2.97E-04
56279	0	148.581	3.92E-16	-3.40E-04
56280	0	149.064	3.92E-16	-3.90E-04
56281	0	149.537	3.92E-16	-4.52E-04
56282	0	150	0	-5.35E-04
56683	-0.333	149.537	3.76E-16	-4.59E-04
56684	-0.166	149.537	3.84E-16	-4.53E-04
56685	-0.333	149.064	3.76E-16	-3.99E-04
56686	-0.166	149.064	3.84E-16	-3.92E-04
56687	-0.333	148.581	3.76E-16	-3.49E-04
56688	-0.166	148.581	3.84E-16	-3.41E-04
56689	-0.333	148.088	3.76E-16	-3.06E-04
56690	-0.166	148.088	3.84E-16	-2.98E-04
56691	-0.333	147.585	3.76E-16	-2.69E-04
56692	-0.166	147.585	3.84E-16	-2.61E-04
56693	-0.333	147.072	3.76E-16	-2.36E-04
56694	-0.166	147.072	3.84E-16	-2.28E-04
56695	-0.333	146.548	3.76E-16	-2.06E-04
56696	-0.166	146.548	3.84E-16	-1.98E-04
56697	-0.333	146.014	3.76E-16	-1.79E-04
56698	-0.166	146.014	3.84E-16	-1.71E-04
56699	-0.333	145.469	3.76E-16	-1.55E-04
56700	-0.166	145.469	3.84E-16	-1.47E-04
56701	-0.333	144.912	3.76E-16	-1.33E-04
56702	-0.166	144.912	3.84E-16	-1.25E-04
56703	-0.333	144.344	3.76E-16	-1.13E-04
56704	-0.166	144.344	3.84E-16	-1.05E-04
56705	-0.333	143.764	3.76E-16	-9.51E-05
56706	-0.166	143.764	3.84E-16	-8.69E-05
56707	-0.333	143.172	3.76E-16	-7.87E-05
56708	-0.166	143.172	3.84E-16	-7.05E-05
56709	-0.333	142.568	3.76E-16	-6.39E-05
56710	-0.166	142.568	3.84E-16	-5.56E-05
56711	-0.333	141.952	3.76E-16	-5.04E-05
56712	-0.166	141.952	3.84E-16	-4.21E-05
56713	-0.333	141.323	3.76E-16	-3.82E-05
56714	-0.166	141.323	3.84E-16	-2.99E-05
56715	-0.333	140.681	3.76E-16	-2.72E-05
56716	-0.166	140.681	3.84E-16	-1.89E-05
56717	-0.333	140.026	3.76E-16	-1.74E-05
56718	-0.166	140.026	3.84E-16	-9.08E-06
56719	-0.333	139.358	3.76E-16	-8.65E-06
56720	-0.166	139.358	3.84E-16	-3.23E-07
56721	-0.333	138.675	3.76E-16	-8.78E-07
56722	-0.166	138.675	3.84E-16	7.46E-06
56723	-0.333	137.979	3.76E-16	6.02E-06
56724	-0.166	137.979	3.84E-16	1.44E-05
56725	-0.333	137.268	3.76E-16	1.20E-05
56726	-0.166	137.268	3.84E-16	2.04E-05
56727	-0.333	136.543	3.76E-16	1.72E-05
56728	-0.166	136.543	3.84E-16	2.56E-05
56729	-0.333	135.803	3.76E-16	2.16E-05
56730	-0.166	135.803	3.84E-16	3.00E-05
56731	-0.333	135.047	3.76E-16	2.52E-05
56732	-0.166	135.047	3.84E-16	3.36E-05
56733	-0.333	134.277	3.76E-16	2.83E-05
56734	-0.166	134.277	3.84E-16	3.67E-05
56735	-0.333	133.49	3.76E-16	3.07E-05
56736	-0.166	133.49	3.84E-16	3.91E-05
56737	-0.333	132.687	3.76E-16	3.24E-05
56738	-0.166	132.687	3.84E-16	4.08E-05
56739	-0.333	131.867	3.76E-16	3.36E-05
56740	-0.166	131.867	3.84E-16	4.20E-05
56741	-0.333	131.031	3.76E-16	3.43E-05
56742	-0.166	131.031	3.84E-16	4.27E-05
56743	-0.333	130.177	3.76E-16	3.46E-05
56744	-0.166	130.177	3.84E-16	4.30E-05
56745	-0.333	129.306	3.76E-16	3.43E-05
56746	-0.166	129.306	3.84E-16	4.27E-05
56747	-0.333	128.417	3.76E-16	3.36E-05
56748	-0.166	128.417	3.84E-16	4.20E-05
56749	-0.333	127.51	3.76E-16	3.26E-05
56750	-0.166	127.51	3.84E-16	4.10E-05
56751	-0.333	126.584	3.76E-16	3.12E-05
56752	-0.166	126.584	3.84E-16	3.96E-05
56753	-0.333	125.639	3.76E-16	2.95E-05
56754	-0.166	125.639	3.84E-16	3.79E-05
56755	-0.333	124.675	3.76E-16	2.75E-05
56756	-0.166	124.675	3.84E-16	3.58E-05
56757	-0.333	123.691	3.76E-16	2.53E-05
56758	-0.166	123.691	3.84E-16	3.36E-05
56759	-0.333	122.686	3.76E-16	2.29E-05
56760	-0.166	122.686	3.84E-16	3.12E-05
56761	-0.333	121.661	3.76E-16	2.03E-05
56762	-0.166	121.661	3.84E-16	2.86E-05
56763	-0.333	120.615	3.76E-16	1.75E-05
56764	-0.166	120.615	3.84E-16	2.58E-05
56765	-0.333	119.547	3.76E-16	1.47E-05
56766	-0.166	119.547	3.84E-16	2.30E-05
56767	-0.333	118.458	3.76E-16	1.18E-05
56768	-0.166	118.458	3.84E-16	2.00E-05
56769	-0.333	117.346	3.76E-16	8.79E-06
56770	-0.166	117.346	3.84E-16	1.70E-05
56771	-0.333	116.211	3.76E-16	5.81E-06
56772	-0.166	116.211	3.84E-16	1.40E-05
56773	-0.333	115.053	3.76E-16	2.82E-06
56774	-0.166	115.053	3.84E-16	1.10E-05
56775	-0.333	113.871	3.76E-16	-2.08E-07
56776	-0.166	113.871	3.84E-16	7.97E-06
56777	-0.333	112.664	3.76E-16	-3.14E-06
56778	-0.166	112.664	3.84E-16	5.03E-06
56779	-0.333	111.433	3.76E-16	-6.01E-06
56780	-0.166	111.433	3.84E-16	2.15E-06
56781	-0.333	110.177	3.76E-16	-8.86E-06
56782	-0.166	110.177	3.84E-16	-7.09E-07
56783	-0.333	108.894	3.76E-16	-1.15E-05
56784	-0.166	108.894	3.84E-16	-3.40E-06
56785	-0.333	107.586	3.76E-16	-1.41E-05
56786	-0.166	107.586	3.84E-16	-5.98E-06
56787	-0.333	106.25	3.76E-16	-1.66E-05
56788	-0.166	106.25	3.84E-16	-8.45E-06
56789	-0.333	104.887	3.76E-16	-1.89E-05
56790	-0.166	104.887	3.84E-16	-1.08E-05
56791	-0.333	103.496	3.76E-16	-2.12E-05
56792	-0.166	103.496	3.84E-16	-1.31E-05
56793	-0.333	102.076	3.76E-16	-2.32E-05
56794	-0.166	102.076	3.84E-16	-1.51E-05
56795	-0.333	100.627	3.76E-16	-2.51E-05
56796	-0.166	100.627	3.84E-16	-1.70E-05
56797	-0.333	99.149	3.76E-16	-2.69E-05
56798	-0.166	99.149	3.84E-16	-1.88E-05
56799	-0.333	97.64	3.76E-16	-2.85E-05
56800	-0.166	97.64	3.84E-16	-2.03E-05
56801	-0.333	96.1	3.76E-16	-3.00E-05
56802	-0.166	96.1	3.84E-16	-2.18E-05
56803	-0.333	94.528	3.76E-16	-3.12E-05
56804	-0.166	94.528	3.84E-16	-2.31E-05
56805	-0.333	92.924	3.76E-16	-3.23E-05
56806	-0.166	92.924	3.84E-16	-2.42E-05
56807	-0.333	91.287	3.76E-16	-3.32E-05
56808	-0.166	91.287	3.84E-16	-2.51E-05
56809	-0.333	89.616	3.76E-16	-3.40E-05
56810	-0.166	89.616	3.84E-16	-2.58E-05
56811	-0.333	87.911	3.76E-16	-3.46E-05
56812	-0.166	87.911	3.84E-16	-2.64E-05
56813	-0.333	86.171	3.76E-16	-3.50E-05
56814	-0.166	86.171	3.84E-16	-2.69E-05
56815	-0.333	84.395	3.76E-16	-3.53E-05
56816	-0.166	84.395	3.84E-16	-2.72E-05
56817	-0.333	82.583	3.76E-16	-3.55E-05
56818	-0.166	82.583	3.84E-16	-2.73E-05
56819	-0.333	80.733	3.76E-16	-3.55E-05
56820	-0.166	80.733	3.84E-16	-2.73E-05
56821	-0.333	78.845	3.76E-16	-3.54E-05
56822	-0.166	78.845	3.84E-16	-2.72E-05
56823	-0.333	76.919	3.76E-16	-3.52E-05
56824	-0.166	76.919	3.84E-16	-2.70E-05
56825	-0.333	74.953	3.76E-16	-3.48E-05
56826	-0.166	74.953	3.84E-16	-2.66E-05
56827	-0.333	72.946	3.76E-16	-3.43E-05
56828	-0.166	72.946	3.84E-16	-2.61E-05
56829	-0.333	70.898	3.76E-16	-3.38E-05
56830	-0.166	70.898	3.84E-16	-2.55E-05
56831	-0.333	68.808	3.76E-16	-3.31E-05
56832	-0.166	68.808	3.84E-16	-2.48E-05
56833	-0.333	66.676	3.76E-16	-3.22E-05
56834	-0.166	66.676	3.84E-16	-2.39E-05
56835	-0.333	64.499	3.76E-16	-3.13E-05
56836	-0.166	64.499	3.84E-16	-2.31E-05
56837	-0.333	62.277	3.76E-16	-3.04E-05
56838	-0.166	62.277	3.84E-16	-2.21E-05
56839	-0.333	60.01	3.76E-16	-2.93E-05
56840	-0.166	60.01	3.84E-16	-2.10E-05
56841	-0.333	57.696	3.76E-16	-2.82E-05
56842	-0.166	57.696	3.84E-16	-1.99E-05
56843	-0.333	55.335	3.76E-16	-2.71E-05
56844	-0.166	55.335	3.84E-16	-1.88E-05
56845	-0.333	52.925	3.76E-16	-2.58E-05
56846	-0.166	52.925	3.84E-16	-1.75E-05
56847	-0.333	50.466	3.76E-16	-2.47E-05
56848	-0.166	50.466	3.84E-16	-1.63E-05
56849	-0.333	47.956	3.76E-16	-2.34E-05
56850	-0.166	47.956	3.84E-16	-1.51E-05
56851	-0.333	45.394	3.76E-16	-2.22E-05
56852	-0.166	45.394	3.84E-16	-1.38E-05
56853	-0.333	42.78	3.76E-16	-2.09E-05
56854	-0.166	42.78	3.84E-16	-1.26E-05
56855	-0.333	40.112	3.76E-16	-1.97E-05
56856	-0.166	40.112	3.84E-16	-1.14E-05
56857	-0.333	37.389	3.76E-16	-1.84E-05
56858	-0.166	37.389	3.84E-16	-1.01E-05
56859	-0.333	34.61	3.76E-16	-1.72E-05
56860	-0.166	34.61	3.84E-16	-8.80E-06
56861	-0.333	31.774	3.76E-16	-1.60E-05
56862	-0.166	31.774	3.84E-16	-7.59E-06
56863	-0.333	28.879	3.76E-16	-1.49E-05
56864	-0.166	28.879	3.84E-16	-6.50E-06
56865	-0.333	25.926	3.76E-16	-1.39E-05
56866	-0.166	25.926	3.84E-16	-5.47E-06
56867	-0.333	22.911	3.76E-16	-1.29E-05
56868	-0.166	22.911	3.84E-16	-4.46E-06
56869	-0.333	19.834	3.76E-16	-1.19E-05
56870	-0.166	19.834	3.84E-16	-3.53E-06
56871	-0.333	16.695	3.76E-16	-1.11E-05
56872	-0.166	16.695	3.84E-16	-2.71E-06
56873	-0.333	13.49	3.76E-16	-1.04E-05
56874	-0.166	13.49	3.84E-16	-2.02E-06
56875	-0.333	10.22	3.76E-16	-9.89E-06
56876	-0.166	10.22	3.84E-16	-1.47E-06
56877	-0.333	6.882	3.76E-16	-9.49E-06
56878	-0.166	6.882	3.84E-16	-1.07E-06
56879	-0.333	3.476	3.76E-16	-9.25E-06
56880	-0.166	3.476	3.84E-16	-8.24E-07
56881	-0.166	150	3.84E-16	-5.35E-04
56882	-0.333	150	3.76E-16	-5.39E-04
56883	-0.5	150	0	-5.46E-04
56884	-0.5	149.537	3.67E-16	-4.72E-04
56885	-0.5	149.064	3.67E-16	-4.13E-04
56886	-0.5	148.581	3.67E-16	-3.63E-04
56887	-0.5	148.088	3.67E-16	-3.21E-04
56888	-0.5	147.585	3.67E-16	-2.84E-04
56889	-0.5	147.072	3.67E-16	-2.51E-04
56890	-0.5	146.548	3.67E-16	-2.21E-04
56891	-0.5	146.014	3.67E-16	-1.94E-04
56892	-0.5	145.469	3.67E-16	-1.70E-04
56893	-0.5	144.912	3.67E-16	-1.48E-04
56894	-0.5	144.344	3.67E-16	-1.28E-04
56895	-0.5	143.764	3.67E-16	-1.10E-04
56896	-0.5	143.172	3.67E-16	-9.39E-05
56897	-0.5	142.568	3.67E-16	-7.91E-05
56898	-0.5	141.952	3.67E-16	-6.57E-05
56899	-0.5	141.323	3.67E-16	-5.35E-05
56900	-0.5	140.681	3.67E-16	-4.25E-05
56901	-0.5	140.026	3.67E-16	-3.27E-05
56902	-0.5	139.358	3.67E-16	-2.40E-05
56903	-0.5	138.675	3.67E-16	-1.62E-05
56904	-0.5	137.979	3.67E-16	-9.38E-06
56905	-0.5	137.268	3.67E-16	-3.37E-06
56906	-0.5	136.543	3.67E-16	1.77E-06
56907	-0.5	135.803	3.67E-16	6.13E-06
56908	-0.5	135.047	3.67E-16	9.79E-06
56909	-0.5	134.277	3.67E-16	1.28E-05
56910	-0.5	133.49	3.67E-16	1.52E-05
56911	-0.5	132.687	3.67E-16	1.69E-05
56912	-0.5	131.867	3.67E-16	1.81E-05
56913	-0.5	131.031	3.67E-16	1.88E-05
56914	-0.5	130.177	3.67E-16	1.90E-05
56915	-0.5	129.306	3.67E-16	1.88E-05
56916	-0.5	128.417	3.67E-16	1.81E-05
56917	-0.5	127.51	3.67E-16	1.71E-05
56918	-0.5	126.584	3.67E-16	1.57E-05
56919	-0.5	125.639	3.67E-16	1.40E-05
56920	-0.5	124.675	3.67E-16	1.20E-05
56921	-0.5	123.691	3.67E-16	9.81E-06
56922	-0.5	122.686	3.67E-16	7.42E-06
56923	-0.5	121.661	3.67E-16	4.80E-06
56924	-0.5	120.615	3.67E-16	2.04E-06
56925	-0.5	119.547	3.67E-16	-7.79E-07
56926	-0.5	118.458	3.67E-16	-3.68E-06
56927	-0.5	117.346	3.67E-16	-6.68E-06
56928	-0.5	116.211	3.67E-16	-9.66E-06
56929	-0.5	115.053	3.67E-16	-1.27E-05
56930	-0.5	113.871	3.67E-16	-1.57E-05
56931	-0.5	112.664	3.67E-16	-1.86E-05
56932	-0.5	111.433	3.67E-16	-2.15E-05
56933	-0.5	110.177	3.67E-16	-2.43E-05
56934	-0.5	108.894	3.67E-16	-2.70E-05
56935	-0.5	107.586	3.67E-16	-2.96E-05
56936	-0.5	106.25	3.67E-16	-3.21E-05
56937	-0.5	104.887	3.67E-16	-3.44E-05
56938	-0.5	103.496	3.67E-16	-3.67E-05
56939	-0.5	102.076	3.67E-16	-3.87E-05
56940	-0.5	100.627	3.67E-16	-4.06E-05
56941	-0.5	99.149	3.67E-16	-4.24E-05
56942	-0.5	97.64	3.67E-16	-4.40E-05
56943	-0.5	96.1	3.67E-16	-4.55E-05
56944	-0.5	94.528	3.67E-16	-4.68E-05
56945	-0.5	92.924	3.67E-16	-4.79E-05
56946	-0.5	91.287	3.67E-16	-4.88E-05
56947	-0.5	89.616	3.67E-16	-4.96E-05
56948	-0.5	87.911	3.67E-16	-5.02E-05
56949	-0.5	86.171	3.67E-16	-5.07E-05
56950	-0.5	84.395	3.67E-16	-5.10E-05
56951	-0.5	82.583	3.67E-16	-5.12E-05
56952	-0.5	80.733	3.67E-16	-5.12E-05
56953	-0.5	78.845	3.67E-16	-5.11E-05
56954	-0.5	76.919	3.67E-16	-5.09E-05
56955	-0.5	74.953	3.67E-16	-5.06E-05
56956	-0.5	72.946	3.67E-16	-5.01E-05
56957	-0.5	70.898	3.67E-16	-4.96E-05
56958	-0.5	68.808	3.67E-16	-4.89E-05
56959	-0.5	66.676	3.67E-16	-4.81E-05
56960	-0.5	64.499	3.67E-16	-4.72E-05
56961	-0.5	62.277	3.67E-16	-4.63E-05
56962	-0.5	60.01	3.67E-16	-4.52E-05
56963	-0.5	57.696	3.67E-16	-4.41E-05
56964	-0.5	55.335	3.67E-16	-4.30E-05
56965	-0.5	52.925	3.67E-16	-4.18E-05
56966	-0.5	50.466	3.67E-16	-4.07E-05
56967	-0.5	47.956	3.67E-16	-3.95E-05
56968	-0.5	45.394	3.67E-16	-3.82E-05
56969	-0.5	42.78	3.67E-16	-3.70E-05
56970	-0.5	40.112	3.67E-16	-3.58E-05
56971	-0.5	37.389	3.67E-16	-3.45E-05
56972	-0.5	34.61	3.67E-16	-3.33E-05
56973	-0.5	31.774	3.67E-16	-3.21E-05
56974	-0.5	28.879	3.67E-16	-3.11E-05
56975	-0.5	25.926	3.67E-16	-3.00E-05
56976	-0.5	22.911	3.67E-16	-2.91E-05
56977	-0.5	19.834	3.67E-16	-2.81E-05
56978	-0.5	16.695	3.67E-16	-2.73E-05
56979	-0.5	13.49	3.67E-16	-2.67E-05
56980	-0.5	10.22	3.67E-16	-2.61E-05
56981	-0.5	6.882	3.67E-16	-2.57E-05
56982	-0.5	3.476	3.67E-16	-2.55E-05
242392	-0.416	0	3.71E-16	-1.64E-05
242393	-0.5	1.738	3.67E-16	-2.54E-05
242394	-0.25	0	3.80E-16	-4.02E-06
242395	-0.333	1.738	3.76E-16	-9.20E-06
242396	-0.083	0	3.88E-16	5.93E-07
242397	-0.166	1.738	3.84E-16	-7.65E-07
242405	0.083	0	3.96E-16	-2.55E-06
242406	0	1.738	3.92E-16	-1.66E-08
242407	0.25	0	4.04E-16	-1.35E-05
242408	0.166	1.738	4.00E-16	-7.06E-06
242409	0.416	0	4.12E-16	-3.22E-05
242410	0.333	1.738	4.08E-16	-2.18E-05
242411	0.5	1.738	4.16E-16	-4.43E-05
242412	0.166	5.179	4.00E-16	-7.22E-06
242413	0.25	3.476	4.04E-16	-1.35E-05
242414	0.083	3.476	3.96E-16	-2.63E-06
242415	0.166	8.551	4.00E-16	-7.54E-06
242416	0.25	6.882	4.04E-16	-1.38E-05
242417	0.083	6.882	3.96E-16	-2.87E-06
242418	0.166	11.855	4.00E-16	-8.02E-06
242419	0.25	10.22	4.04E-16	-1.42E-05
242420	0.083	10.22	3.96E-16	-3.27E-06
242421	0.166	15.092	4.00E-16	-8.64E-06
242422	0.25	13.49	4.04E-16	-1.47E-05
242423	0.083	13.49	3.96E-16	-3.82E-06
242424	0.166	18.264	4.00E-16	-9.39E-06
242425	0.25	16.695	4.04E-16	-1.54E-05
242426	0.083	16.695	3.96E-16	-4.52E-06
242427	0.166	21.373	4.00E-16	-1.03E-05
242428	0.25	19.834	4.04E-16	-1.62E-05
242429	0.083	19.834	3.96E-16	-5.33E-06
242430	0.166	24.418	4.00E-16	-1.12E-05
242431	0.25	22.911	4.04E-16	-1.72E-05
242432	0.083	22.911	3.96E-16	-6.26E-06
242433	0.166	27.402	4.00E-16	-1.23E-05
242434	0.25	25.926	4.04E-16	-1.81E-05
242435	0.083	25.926	3.96E-16	-7.27E-06
242436	0.166	30.327	4.00E-16	-1.33E-05
242437	0.25	28.879	4.04E-16	-1.92E-05
242438	0.083	28.879	3.96E-16	-8.30E-06
242439	0.166	33.192	4.00E-16	-1.44E-05
242440	0.25	31.774	4.04E-16	-2.02E-05
242441	0.083	31.774	3.96E-16	-9.39E-06
242442	0.166	35.999	4.00E-16	-1.57E-05
242443	0.25	34.61	4.04E-16	-2.14E-05
242444	0.083	34.61	3.96E-16	-1.06E-05
242445	0.166	38.75	4.00E-16	-1.70E-05
242446	0.25	37.389	4.04E-16	-2.27E-05
242447	0.083	37.389	3.96E-16	-1.19E-05
242448	0.166	41.446	4.00E-16	-1.82E-05
242449	0.25	40.112	4.04E-16	-2.40E-05
242450	0.083	40.112	3.96E-16	-1.31E-05
242451	0.166	44.087	4.00E-16	-1.94E-05
242452	0.25	42.78	4.04E-16	-2.52E-05
242453	0.083	42.78	3.96E-16	-1.44E-05
242454	0.166	46.675	4.00E-16	-2.07E-05
242455	0.25	45.394	4.04E-16	-2.64E-05
242456	0.083	45.394	3.96E-16	-1.56E-05
242457	0.166	49.211	4.00E-16	-2.20E-05
242458	0.25	47.956	4.04E-16	-2.77E-05
242459	0.083	47.956	3.96E-16	-1.69E-05
242460	0.166	51.695	4.00E-16	-2.31E-05
242461	0.25	50.466	4.04E-16	-2.89E-05
242462	0.083	50.466	3.96E-16	-1.81E-05
242463	0.166	54.13	4.00E-16	-2.43E-05
242464	0.25	52.925	4.04E-16	-3.01E-05
242465	0.083	52.925	3.96E-16	-1.93E-05
242466	0.166	56.516	4.00E-16	-2.55E-05
242467	0.25	55.335	4.04E-16	-3.13E-05
242468	0.083	55.335	3.96E-16	-2.05E-05
242469	0.166	58.853	4.00E-16	-2.66E-05
242470	0.25	57.696	4.04E-16	-3.24E-05
242471	0.083	57.696	3.96E-16	-2.17E-05
242472	0.166	61.144	4.00E-16	-2.77E-05
242473	0.25	60.01	4.04E-16	-3.35E-05
242474	0.083	60.01	3.96E-16	-2.27E-05
242475	0.166	63.388	4.00E-16	-2.87E-05
242476	0.25	62.277	4.04E-16	-3.45E-05
242477	0.083	62.277	3.96E-16	-2.38E-05
242478	0.166	65.587	4.00E-16	-2.96E-05
242479	0.25	64.499	4.04E-16	-3.55E-05
242480	0.083	64.499	3.96E-16	-2.48E-05
242481	0.166	67.742	4.00E-16	-3.05E-05
242482	0.25	66.676	4.04E-16	-3.64E-05
242483	0.083	66.676	3.96E-16	-2.57E-05
242484	0.166	69.853	4.00E-16	-3.13E-05
242485	0.25	68.808	4.04E-16	-3.72E-05
242486	0.083	68.808	3.96E-16	-2.66E-05
242487	0.166	71.922	4.00E-16	-3.19E-05
242488	0.25	70.898	4.04E-16	-3.79E-05
242489	0.083	70.898	3.96E-16	-2.73E-05
242490	0.166	73.949	4.00E-16	-3.25E-05
242491	0.25	72.946	4.04E-16	-3.85E-05
242492	0.083	72.946	3.96E-16	-2.79E-05
242493	0.166	75.936	4.00E-16	-3.28E-05
242494	0.25	74.953	4.04E-16	-3.89E-05
242495	0.083	74.953	3.96E-16	-2.83E-05
242496	0.166	77.882	4.00E-16	-3.32E-05
242497	0.25	76.919	4.04E-16	-3.93E-05
242498	0.083	76.919	3.96E-16	-2.87E-05
242499	0.166	79.789	4.00E-16	-3.33E-05
242500	0.25	78.845	4.04E-16	-3.95E-05
242501	0.083	78.845	3.96E-16	-2.89E-05
242502	0.166	81.658	4.00E-16	-3.34E-05
242503	0.25	80.733	4.04E-16	-3.96E-05
242504	0.083	80.733	3.96E-16	-2.90E-05
242505	0.166	83.489	4.00E-16	-3.32E-05
242506	0.25	82.583	4.04E-16	-3.95E-05
242507	0.083	82.583	3.96E-16	-2.90E-05
242508	0.166	85.283	4.00E-16	-3.30E-05
242509	0.25	84.395	4.04E-16	-3.93E-05
242510	0.083	84.395	3.96E-16	-2.89E-05
242511	0.166	87.041	4.00E-16	-3.26E-05
242512	0.25	86.171	4.04E-16	-3.90E-05
242513	0.083	86.171	3.96E-16	-2.86E-05
242514	0.166	88.764	4.00E-16	-3.21E-05
242515	0.25	87.911	4.04E-16	-3.85E-05
242516	0.083	87.911	3.96E-16	-2.81E-05
242517	0.166	90.451	4.00E-16	-3.14E-05
242518	0.25	89.616	4.04E-16	-3.79E-05
242519	0.083	89.616	3.96E-16	-2.75E-05
242520	0.166	92.105	4.00E-16	-3.06E-05
242521	0.25	91.287	4.04E-16	-3.71E-05
242522	0.083	91.287	3.96E-16	-2.67E-05
242523	0.166	93.726	4.00E-16	-2.95E-05
242524	0.25	92.924	4.04E-16	-3.62E-05
242525	0.083	92.924	3.96E-16	-2.58E-05
242526	0.166	95.314	4.00E-16	-2.84E-05
242527	0.25	94.528	4.04E-16	-3.51E-05
242528	0.083	94.528	3.96E-16	-2.47E-05
242529	0.166	96.87	4.00E-16	-2.69E-05
242530	0.25	96.1	4.04E-16	-3.38E-05
242531	0.083	96.1	3.96E-16	-2.34E-05
242532	0.166	98.394	4.00E-16	-2.53E-05
242533	0.25	97.64	4.04E-16	-3.22E-05
242534	0.083	97.64	3.96E-16	-2.19E-05
242535	0.166	99.888	4.00E-16	-2.37E-05
242536	0.25	99.149	4.04E-16	-3.06E-05
242537	0.083	99.149	3.96E-16	-2.03E-05
242538	0.166	101.352	4.00E-16	-2.18E-05
242539	0.25	100.627	4.04E-16	-2.88E-05
242540	0.083	100.627	3.96E-16	-1.85E-05
242541	0.166	102.786	4.00E-16	-1.98E-05
242542	0.25	102.076	4.04E-16	-2.68E-05
242543	0.083	102.076	3.96E-16	-1.66E-05
242544	0.166	104.191	4.00E-16	-1.76E-05
242545	0.25	103.496	4.04E-16	-2.47E-05
242546	0.083	103.496	3.96E-16	-1.45E-05
242547	0.166	105.569	4.00E-16	-1.52E-05
242548	0.25	104.887	4.04E-16	-2.24E-05
242549	0.083	104.887	3.96E-16	-1.22E-05
242550	0.166	106.918	4.00E-16	-1.28E-05
242551	0.25	106.25	4.04E-16	-2.00E-05
242552	0.083	106.25	3.96E-16	-9.88E-06
242553	0.166	108.24	4.00E-16	-1.02E-05
242554	0.25	107.586	4.04E-16	-1.75E-05
242555	0.083	107.586	3.96E-16	-7.39E-06
242556	0.166	109.535	4.00E-16	-7.55E-06
242557	0.25	108.894	4.04E-16	-1.48E-05
242558	0.083	108.894	3.96E-16	-4.78E-06
242559	0.166	110.805	4.00E-16	-4.71E-06
242560	0.25	110.177	4.04E-16	-1.21E-05
242561	0.083	110.177	3.96E-16	-2.05E-06
242562	0.166	112.049	4.00E-16	-1.76E-06
242563	0.25	111.433	4.04E-16	-9.12E-06
242564	0.083	111.433	3.96E-16	8.48E-07
242565	0.166	113.267	4.00E-16	1.17E-06
242566	0.25	112.664	4.04E-16	-6.17E-06
242567	0.083	112.664	3.96E-16	3.76E-06
242568	0.166	114.462	4.00E-16	4.24E-06
242569	0.25	113.871	4.04E-16	-3.15E-06
242570	0.083	113.871	3.96E-16	6.74E-06
242571	0.166	115.632	4.00E-16	7.34E-06
242572	0.25	115.053	4.04E-16	-3.36E-08
242573	0.083	115.053	3.96E-16	9.82E-06
242574	0.166	116.778	4.00E-16	1.04E-05
242575	0.25	116.211	4.04E-16	3.05E-06
242576	0.083	116.211	3.96E-16	1.29E-05
242577	0.166	117.902	4.00E-16	1.34E-05
242578	0.25	117.346	4.04E-16	6.12E-06
242579	0.083	117.346	3.96E-16	1.59E-05
242580	0.166	119.003	4.00E-16	1.65E-05
242581	0.25	118.458	4.04E-16	9.22E-06
242582	0.083	118.458	3.96E-16	1.90E-05
242583	0.166	120.081	4.00E-16	1.94E-05
242584	0.25	119.547	4.04E-16	1.22E-05
242585	0.083	119.547	3.96E-16	2.19E-05
242586	0.166	121.138	4.00E-16	2.23E-05
242587	0.25	120.615	4.04E-16	1.51E-05
242588	0.083	120.615	3.96E-16	2.48E-05
242589	0.166	122.174	4.00E-16	2.51E-05
242590	0.25	121.661	4.04E-16	1.80E-05
242591	0.083	121.661	3.96E-16	2.76E-05
242592	0.166	123.189	4.00E-16	2.77E-05
242593	0.25	122.686	4.04E-16	2.07E-05
242594	0.083	122.686	3.96E-16	3.03E-05
242595	0.166	124.183	4.00E-16	3.00E-05
242596	0.25	123.691	4.04E-16	2.32E-05
242597	0.083	123.691	3.96E-16	3.28E-05
242598	0.166	125.157	4.00E-16	3.22E-05
242599	0.25	124.675	4.04E-16	2.55E-05
242600	0.083	124.675	3.96E-16	3.50E-05
242601	0.166	126.112	4.00E-16	3.42E-05
242602	0.25	125.639	4.04E-16	2.76E-05
242603	0.083	125.639	3.96E-16	3.71E-05
242604	0.166	127.047	4.00E-16	3.58E-05
242605	0.25	126.584	4.04E-16	2.94E-05
242606	0.083	126.584	3.96E-16	3.88E-05
242607	0.166	127.964	4.00E-16	3.70E-05
242608	0.25	127.51	4.04E-16	3.08E-05
242609	0.083	127.51	3.96E-16	4.02E-05
242610	0.166	128.862	4.00E-16	3.79E-05
242611	0.25	128.417	4.04E-16	3.19E-05
242612	0.083	128.417	3.96E-16	4.13E-05
242613	0.166	129.742	4.00E-16	3.85E-05
242614	0.25	129.306	4.04E-16	3.27E-05
242615	0.083	129.306	3.96E-16	4.20E-05
242616	0.166	130.604	4.00E-16	3.85E-05
242617	0.25	130.177	4.04E-16	3.30E-05
242618	0.083	130.177	3.96E-16	4.23E-05
242619	0.166	131.449	4.00E-16	3.81E-05
242620	0.25	131.031	4.04E-16	3.29E-05
242621	0.083	131.031	3.96E-16	4.21E-05
242622	0.166	132.277	4.00E-16	3.72E-05
242623	0.25	131.867	4.04E-16	3.22E-05
242624	0.083	131.867	3.96E-16	4.14E-05
242625	0.166	133.088	4.00E-16	3.58E-05
242626	0.25	132.687	4.04E-16	3.11E-05
242627	0.083	132.687	3.96E-16	4.03E-05
242628	0.166	133.883	4.00E-16	3.37E-05
242629	0.25	133.49	4.04E-16	2.93E-05
242630	0.083	133.49	3.96E-16	3.85E-05
242631	0.166	134.662	4.00E-16	3.10E-05
242632	0.25	134.277	4.04E-16	2.70E-05
242633	0.083	134.277	3.96E-16	3.61E-05
242634	0.166	135.425	4.00E-16	2.77E-05
242635	0.25	135.047	4.04E-16	2.39E-05
242636	0.083	135.047	3.96E-16	3.31E-05
242637	0.166	136.173	4.00E-16	2.37E-05
242638	0.25	135.803	4.04E-16	2.03E-05
242639	0.083	135.803	3.96E-16	2.94E-05
242640	0.166	136.906	4.00E-16	1.89E-05
242641	0.25	136.543	4.04E-16	1.59E-05
242642	0.083	136.543	3.96E-16	2.51E-05
242643	0.166	137.624	4.00E-16	1.33E-05
242644	0.25	137.268	4.04E-16	1.08E-05
242645	0.083	137.268	3.96E-16	1.99E-05
242646	0.166	138.327	4.00E-16	6.85E-06
242647	0.25	137.979	4.04E-16	4.76E-06
242648	0.083	137.979	3.96E-16	1.39E-05
242649	0.166	139.016	4.00E-16	-4.75E-07
242650	0.25	138.675	4.04E-16	-2.13E-06
242651	0.083	138.675	3.96E-16	6.95E-06
242652	0.166	139.692	4.00E-16	-8.73E-06
242653	0.25	139.358	4.04E-16	-9.91E-06
242654	0.083	139.358	3.96E-16	-8.36E-07
242655	0.166	140.354	4.00E-16	-1.80E-05
242656	0.25	140.026	4.04E-16	-1.87E-05
242657	0.083	140.026	3.96E-16	-9.59E-06
242658	0.166	141.002	4.00E-16	-2.84E-05
242659	0.25	140.681	4.04E-16	-2.85E-05
242660	0.083	140.681	3.96E-16	-1.94E-05
242661	0.166	141.638	4.00E-16	-4.00E-05
242662	0.25	141.323	4.04E-16	-3.95E-05
242663	0.083	141.323	3.96E-16	-3.04E-05
242664	0.166	142.26	4.00E-16	-5.28E-05
242665	0.25	141.952	4.04E-16	-5.17E-05
242666	0.083	141.952	3.96E-16	-4.27E-05
242667	0.166	142.87	4.00E-16	-6.70E-05
242668	0.25	142.568	4.04E-16	-6.51E-05
242669	0.083	142.568	3.96E-16	-5.61E-05
242670	0.166	143.468	4.00E-16	-8.26E-05
242671	0.25	143.172	4.04E-16	-8.00E-05
242672	0.083	143.172	3.96E-16	-7.10E-05
242673	0.166	144.054	4.00E-16	-9.98E-05
242674	0.25	143.764	4.04E-16	-9.63E-05
242675	0.083	143.764	3.96E-16	-8.74E-05
242676	0.166	144.628	4.00E-16	-1.19E-04
242677	0.25	144.344	4.04E-16	-1.14E-04
242678	0.083	144.344	3.96E-16	-1.05E-04
242679	0.166	145.19	4.00E-16	-1.40E-04
242680	0.25	144.912	4.04E-16	-1.34E-04
242681	0.083	144.912	3.96E-16	-1.25E-04
242682	0.166	145.741	4.00E-16	-1.63E-04
242683	0.25	145.469	4.04E-16	-1.56E-04
242684	0.083	145.469	3.96E-16	-1.47E-04
242685	0.166	146.281	4.00E-16	-1.88E-04
242686	0.25	146.014	4.04E-16	-1.80E-04
242687	0.083	146.014	3.96E-16	-1.72E-04
242688	0.166	146.81	4.00E-16	-2.16E-04
242689	0.25	146.548	4.04E-16	-2.07E-04
242690	0.083	146.548	3.96E-16	-1.98E-04
242691	0.166	147.329	4.00E-16	-2.48E-04
242692	0.25	147.072	4.04E-16	-2.37E-04
242693	0.083	147.072	3.96E-16	-2.28E-04
242694	0.166	147.837	4.00E-16	-2.83E-04
242695	0.25	147.585	4.04E-16	-2.70E-04
242696	0.083	147.585	3.96E-16	-2.61E-04
242697	0.166	148.334	4.00E-16	-3.23E-04
242698	0.25	148.088	4.04E-16	-3.07E-04
242699	0.083	148.088	3.96E-16	-2.99E-04
242700	0.166	148.822	4.00E-16	-3.69E-04
242701	0.25	148.581	4.04E-16	-3.50E-04
242702	0.083	148.581	3.96E-16	-3.42E-04
242703	0.166	149.3	4.00E-16	-4.24E-04
242704	0.25	149.064	4.04E-16	-4.00E-04
242705	0.083	149.064	3.96E-16	-3.92E-04
242706	0.25	149.537	4.04E-16	-4.61E-04
242707	0.166	149.768	4.00E-16	-4.94E-04
242708	0.083	149.537	3.96E-16	-4.53E-04
242709	0.333	5.179	4.08E-16	-2.19E-05
242710	0.416	3.476	4.12E-16	-3.22E-05
242711	0.333	8.551	4.08E-16	-2.23E-05
242712	0.416	6.882	4.12E-16	-3.25E-05
242713	0.333	11.855	4.08E-16	-2.27E-05
242714	0.416	10.22	4.12E-16	-3.29E-05
242715	0.333	15.092	4.08E-16	-2.33E-05
242716	0.416	13.49	4.12E-16	-3.34E-05
242717	0.333	18.264	4.08E-16	-2.41E-05
242718	0.416	16.695	4.12E-16	-3.41E-05
242719	0.333	21.373	4.08E-16	-2.50E-05
242720	0.416	19.834	4.12E-16	-3.49E-05
242721	0.333	24.418	4.08E-16	-2.59E-05
242722	0.416	22.911	4.12E-16	-3.58E-05
242723	0.333	27.402	4.08E-16	-2.69E-05
242724	0.416	25.926	4.12E-16	-3.68E-05
242725	0.333	30.327	4.08E-16	-2.79E-05
242726	0.416	28.879	4.12E-16	-3.78E-05
242727	0.333	33.192	4.08E-16	-2.91E-05
242728	0.416	31.774	4.12E-16	-3.89E-05
242729	0.333	35.999	4.08E-16	-3.03E-05
242730	0.416	34.61	4.12E-16	-4.00E-05
242731	0.333	38.75	4.08E-16	-3.16E-05
242732	0.416	37.389	4.12E-16	-4.13E-05
242733	0.333	41.446	4.08E-16	-3.28E-05
242734	0.416	40.112	4.12E-16	-4.25E-05
242735	0.333	44.087	4.08E-16	-3.40E-05
242736	0.416	42.78	4.12E-16	-4.37E-05
242737	0.333	46.675	4.08E-16	-3.52E-05
242738	0.416	45.394	4.12E-16	-4.49E-05
242739	0.333	49.211	4.08E-16	-3.65E-05
242740	0.416	47.956	4.12E-16	-4.62E-05
242741	0.333	51.695	4.08E-16	-3.76E-05
242742	0.416	50.466	4.12E-16	-4.73E-05
242743	0.333	54.13	4.08E-16	-3.88E-05
242744	0.416	52.925	4.12E-16	-4.85E-05
242745	0.333	56.516	4.08E-16	-4.00E-05
242746	0.416	55.335	4.12E-16	-4.97E-05
242747	0.333	58.853	4.08E-16	-4.11E-05
242748	0.416	57.696	4.12E-16	-5.08E-05
242749	0.333	61.144	4.08E-16	-4.21E-05
242750	0.416	60.01	4.12E-16	-5.18E-05
242751	0.333	63.388	4.08E-16	-4.32E-05
242752	0.416	62.277	4.12E-16	-5.28E-05
242753	0.333	65.587	4.08E-16	-4.40E-05
242754	0.416	64.499	4.12E-16	-5.38E-05
242755	0.333	67.742	4.08E-16	-4.49E-05
242756	0.416	66.676	4.12E-16	-5.46E-05
242757	0.333	69.853	4.08E-16	-4.57E-05
242758	0.416	68.808	4.12E-16	-5.54E-05
242759	0.333	71.922	4.08E-16	-4.62E-05
242760	0.416	70.898	4.12E-16	-5.61E-05
242761	0.333	73.949	4.08E-16	-4.68E-05
242762	0.416	72.946	4.12E-16	-5.66E-05
242763	0.333	75.936	4.08E-16	-4.71E-05
242764	0.416	74.953	4.12E-16	-5.71E-05
242765	0.333	77.882	4.08E-16	-4.74E-05
242766	0.416	76.919	4.12E-16	-5.74E-05
242767	0.333	79.789	4.08E-16	-4.75E-05
242768	0.416	78.845	4.12E-16	-5.75E-05
242769	0.333	81.658	4.08E-16	-4.76E-05
242770	0.416	80.733	4.12E-16	-5.76E-05
242771	0.333	83.489	4.08E-16	-4.74E-05
242772	0.416	82.583	4.12E-16	-5.75E-05
242773	0.333	85.283	4.08E-16	-4.72E-05
242774	0.416	84.395	4.12E-16	-5.73E-05
242775	0.333	87.041	4.08E-16	-4.67E-05
242776	0.416	86.171	4.12E-16	-5.70E-05
242777	0.333	88.764	4.08E-16	-4.62E-05
242778	0.416	87.911	4.12E-16	-5.65E-05
242779	0.333	90.451	4.08E-16	-4.55E-05
242780	0.416	89.616	4.12E-16	-5.58E-05
242781	0.333	92.105	4.08E-16	-4.46E-05
242782	0.416	91.287	4.12E-16	-5.50E-05
242783	0.333	93.726	4.08E-16	-4.35E-05
242784	0.416	92.924	4.12E-16	-5.40E-05
242785	0.333	95.314	4.08E-16	-4.23E-05
242786	0.416	94.528	4.12E-16	-5.28E-05
242787	0.333	96.87	4.08E-16	-4.09E-05
242788	0.416	96.1	4.12E-16	-5.15E-05
242789	0.333	98.394	4.08E-16	-3.92E-05
242790	0.416	97.64	4.12E-16	-4.99E-05
242791	0.333	99.888	4.08E-16	-3.75E-05
242792	0.416	99.149	4.12E-16	-4.82E-05
242793	0.333	101.352	4.08E-16	-3.56E-05
242794	0.416	100.627	4.12E-16	-4.64E-05
242795	0.333	102.786	4.08E-16	-3.36E-05
242796	0.416	102.076	4.12E-16	-4.44E-05
242797	0.333	104.191	4.08E-16	-3.13E-05
242798	0.416	103.496	4.12E-16	-4.22E-05
242799	0.333	105.569	4.08E-16	-2.89E-05
242800	0.416	104.887	4.12E-16	-3.99E-05
242801	0.333	106.918	4.08E-16	-2.65E-05
242802	0.416	106.25	4.12E-16	-3.74E-05
242803	0.333	108.24	4.08E-16	-2.38E-05
242804	0.416	107.586	4.12E-16	-3.49E-05
242805	0.333	109.535	4.08E-16	-2.12E-05
242806	0.416	108.894	4.12E-16	-3.22E-05
242807	0.333	110.805	4.08E-16	-1.83E-05
242808	0.416	110.177	4.12E-16	-2.94E-05
242809	0.333	112.049	4.08E-16	-1.53E-05
242810	0.416	111.433	4.12E-16	-2.64E-05
242811	0.333	113.267	4.08E-16	-1.23E-05
242812	0.416	112.664	4.12E-16	-2.34E-05
242813	0.333	114.462	4.08E-16	-9.19E-06
242814	0.416	113.871	4.12E-16	-2.03E-05
242815	0.333	115.632	4.08E-16	-6.05E-06
242816	0.416	115.053	4.12E-16	-1.71E-05
242817	0.333	116.778	4.08E-16	-2.98E-06
242818	0.416	116.211	4.12E-16	-1.40E-05
242819	0.333	117.902	4.08E-16	1.49E-07
242820	0.416	117.346	4.12E-16	-1.09E-05
242821	0.333	119.003	4.08E-16	3.25E-06
242822	0.416	118.458	4.12E-16	-7.74E-06
242823	0.333	120.081	4.08E-16	6.21E-06
242824	0.416	119.547	4.12E-16	-4.68E-06
242825	0.333	121.138	4.08E-16	9.14E-06
242826	0.416	120.615	4.12E-16	-1.71E-06
242827	0.333	122.174	4.08E-16	1.20E-05
242828	0.416	121.661	4.12E-16	1.20E-06
242829	0.333	123.189	4.08E-16	1.46E-05
242830	0.416	122.686	4.12E-16	3.98E-06
242831	0.333	124.183	4.08E-16	1.70E-05
242832	0.416	123.691	4.12E-16	6.52E-06
242833	0.333	125.157	4.08E-16	1.92E-05
242834	0.416	124.675	4.12E-16	8.85E-06
242835	0.333	126.112	4.08E-16	2.12E-05
242836	0.416	125.639	4.12E-16	1.10E-05
242837	0.333	127.047	4.08E-16	2.29E-05
242838	0.416	126.584	4.12E-16	1.28E-05
242839	0.333	127.964	4.08E-16	2.41E-05
242840	0.416	127.51	4.12E-16	1.43E-05
242841	0.333	128.862	4.08E-16	2.51E-05
242842	0.416	128.417	4.12E-16	1.55E-05
242843	0.333	129.742	4.08E-16	2.57E-05
242844	0.416	129.306	4.12E-16	1.63E-05
242845	0.333	130.604	4.08E-16	2.58E-05
242846	0.416	130.177	4.12E-16	1.66E-05
242847	0.333	131.449	4.08E-16	2.54E-05
242848	0.416	131.031	4.12E-16	1.65E-05
242849	0.333	132.277	4.08E-16	2.45E-05
242850	0.416	131.867	4.12E-16	1.59E-05
242851	0.333	133.088	4.08E-16	2.31E-05
242852	0.416	132.687	4.12E-16	1.48E-05
242853	0.333	133.883	4.08E-16	2.11E-05
242854	0.416	133.49	4.12E-16	1.31E-05
242855	0.333	134.662	4.08E-16	1.84E-05
242856	0.416	134.277	4.12E-16	1.07E-05
242857	0.333	135.425	4.08E-16	1.51E-05
242858	0.416	135.047	4.12E-16	7.74E-06
242859	0.333	136.173	4.08E-16	1.11E-05
242860	0.416	135.803	4.12E-16	4.12E-06
242861	0.333	136.906	4.08E-16	6.36E-06
242862	0.416	136.543	4.12E-16	-2.21E-07
242863	0.333	137.624	4.08E-16	7.89E-07
242864	0.416	137.268	4.12E-16	-5.35E-06
242865	0.333	138.327	4.08E-16	-5.67E-06
242866	0.416	137.979	4.12E-16	-1.14E-05
242867	0.333	139.016	4.08E-16	-1.30E-05
242868	0.416	138.675	4.12E-16	-1.82E-05
242869	0.333	139.692	4.08E-16	-2.12E-05
242870	0.416	139.358	4.12E-16	-2.60E-05
242871	0.333	140.354	4.08E-16	-3.05E-05
242872	0.416	140.026	4.12E-16	-3.47E-05
242873	0.333	141.002	4.08E-16	-4.09E-05
242874	0.416	140.681	4.12E-16	-4.45E-05
242875	0.333	141.638	4.08E-16	-5.25E-05
242876	0.416	141.323	4.12E-16	-5.55E-05
242877	0.333	142.26	4.08E-16	-6.53E-05
242878	0.416	141.952	4.12E-16	-6.77E-05
242879	0.333	142.87	4.08E-16	-7.94E-05
242880	0.416	142.568	4.12E-16	-8.11E-05
242881	0.333	143.468	4.08E-16	-9.50E-05
242882	0.416	143.172	4.12E-16	-9.59E-05
242883	0.333	144.054	4.08E-16	-1.12E-04
242884	0.416	143.764	4.12E-16	-1.12E-04
242885	0.333	144.628	4.08E-16	-1.31E-04
242886	0.416	144.344	4.12E-16	-1.30E-04
242887	0.333	145.19	4.08E-16	-1.52E-04
242888	0.416	144.912	4.12E-16	-1.50E-04
242889	0.333	145.741	4.08E-16	-1.75E-04
242890	0.416	145.469	4.12E-16	-1.72E-04
242891	0.333	146.281	4.08E-16	-2.00E-04
242892	0.416	146.014	4.12E-16	-1.96E-04
242893	0.333	146.81	4.08E-16	-2.28E-04
242894	0.416	146.548	4.12E-16	-2.23E-04
242895	0.333	147.329	4.08E-16	-2.60E-04
242896	0.416	147.072	4.12E-16	-2.52E-04
242897	0.333	147.837	4.08E-16	-2.95E-04
242898	0.416	147.585	4.12E-16	-2.85E-04
242899	0.333	148.334	4.08E-16	-3.35E-04
242900	0.416	148.088	4.12E-16	-3.23E-04
242901	0.333	148.822	4.08E-16	-3.81E-04
242902	0.416	148.581	4.12E-16	-3.65E-04
242903	0.333	149.3	4.08E-16	-4.35E-04
242904	0.416	149.064	4.12E-16	-4.15E-04
242905	0.333	149.768	4.08E-16	-5.03E-04
242906	0.416	149.537	4.12E-16	-4.74E-04
242907	0.25	150	4.04E-16	-5.42E-04
242908	0.416	150	4.12E-16	-5.51E-04
242909	0.083	150	3.96E-16	-5.37E-04
242910	0.5	149.768	4.16E-16	-5.17E-04
242912	0.5	149.3	4.16E-16	-4.52E-04
242914	0.5	148.822	4.16E-16	-3.98E-04
242916	0.5	148.334	4.16E-16	-3.53E-04
242918	0.5	147.837	4.16E-16	-3.13E-04
242920	0.5	147.329	4.16E-16	-2.78E-04
242922	0.5	146.81	4.16E-16	-2.47E-04
242924	0.5	146.281	4.16E-16	-2.19E-04
242926	0.5	145.741	4.16E-16	-1.94E-04
242928	0.5	145.19	4.16E-16	-1.71E-04
242930	0.5	144.628	4.16E-16	-1.50E-04
242932	0.5	144.054	4.16E-16	-1.31E-04
242934	0.5	143.468	4.16E-16	-1.14E-04
242936	0.5	142.87	4.16E-16	-9.87E-05
242938	0.5	142.26	4.16E-16	-8.47E-05
242940	0.5	141.638	4.16E-16	-7.19E-05
242942	0.5	141.002	4.16E-16	-6.03E-05
242944	0.5	140.354	4.16E-16	-5.00E-05
242946	0.5	139.692	4.16E-16	-4.07E-05
242948	0.5	139.016	4.16E-16	-3.25E-05
242950	0.5	138.327	4.16E-16	-2.52E-05
242952	0.5	137.624	4.16E-16	-1.88E-05
242954	0.5	136.906	4.16E-16	-1.33E-05
242956	0.5	136.173	4.16E-16	-8.54E-06
242958	0.5	135.425	4.16E-16	-4.59E-06
242960	0.5	134.662	4.16E-16	-1.31E-06
242962	0.5	133.883	4.16E-16	1.34E-06
242964	0.5	133.088	4.16E-16	3.32E-06
242966	0.5	132.277	4.16E-16	4.69E-06
242968	0.5	131.449	4.16E-16	5.53E-06
242970	0.5	130.604	4.16E-16	5.90E-06
242972	0.5	129.742	4.16E-16	5.75E-06
242974	0.5	128.862	4.16E-16	5.14E-06
242976	0.5	127.964	4.16E-16	4.13E-06
242978	0.5	127.047	4.16E-16	2.80E-06
242980	0.5	126.112	4.16E-16	1.10E-06
242982	0.5	125.157	4.16E-16	-9.30E-07
242984	0.5	124.183	4.16E-16	-3.20E-06
242986	0.5	123.189	4.16E-16	-5.65E-06
242988	0.5	122.174	4.16E-16	-8.35E-06
242990	0.5	121.138	4.16E-16	-1.12E-05
242992	0.5	120.081	4.16E-16	-1.42E-05
242994	0.5	119.003	4.16E-16	-1.72E-05
242996	0.5	117.902	4.16E-16	-2.04E-05
242998	0.5	116.778	4.16E-16	-2.36E-05
243000	0.5	115.632	4.16E-16	-2.67E-05
243002	0.5	114.462	4.16E-16	-2.99E-05
243004	0.5	113.267	4.16E-16	-3.31E-05
243006	0.5	112.049	4.16E-16	-3.61E-05
243008	0.5	110.805	4.16E-16	-3.91E-05
243010	0.5	109.535	4.16E-16	-4.21E-05
243012	0.5	108.24	4.16E-16	-4.48E-05
243014	0.5	106.918	4.16E-16	-4.75E-05
243016	0.5	105.569	4.16E-16	-5.00E-05
243018	0.5	104.191	4.16E-16	-5.25E-05
243020	0.5	102.786	4.16E-16	-5.48E-05
243022	0.5	101.352	4.16E-16	-5.68E-05
243024	0.5	99.888	4.16E-16	-5.88E-05
243026	0.5	98.394	4.16E-16	-6.06E-05
243028	0.5	96.87	4.16E-16	-6.22E-05
243030	0.5	95.314	4.16E-16	-6.37E-05
243032	0.5	93.726	4.16E-16	-6.50E-05
243034	0.5	92.105	4.16E-16	-6.61E-05
243036	0.5	90.451	4.16E-16	-6.70E-05
243038	0.5	88.764	4.16E-16	-6.78E-05
243040	0.5	87.041	4.16E-16	-6.84E-05
243042	0.5	85.283	4.16E-16	-6.88E-05
243044	0.5	83.489	4.16E-16	-6.91E-05
243046	0.5	81.658	4.16E-16	-6.93E-05
243048	0.5	79.789	4.16E-16	-6.93E-05
243050	0.5	77.882	4.16E-16	-6.92E-05
243052	0.5	75.936	4.16E-16	-6.90E-05
243054	0.5	73.949	4.16E-16	-6.86E-05
243056	0.5	71.922	4.16E-16	-6.82E-05
243058	0.5	69.853	4.16E-16	-6.76E-05
243060	0.5	67.742	4.16E-16	-6.69E-05
243062	0.5	65.587	4.16E-16	-6.60E-05
243064	0.5	63.388	4.16E-16	-6.52E-05
243066	0.5	61.144	4.16E-16	-6.42E-05
243068	0.5	58.853	4.16E-16	-6.32E-05
243070	0.5	56.516	4.16E-16	-6.22E-05
243072	0.5	54.13	4.16E-16	-6.10E-05
243074	0.5	51.695	4.16E-16	-5.98E-05
243076	0.5	49.211	4.16E-16	-5.87E-05
243078	0.5	46.675	4.16E-16	-5.75E-05
243080	0.5	44.087	4.16E-16	-5.63E-05
243082	0.5	41.446	4.16E-16	-5.51E-05
243084	0.5	38.75	4.16E-16	-5.39E-05
243086	0.5	35.999	4.16E-16	-5.27E-05
243088	0.5	33.192	4.16E-16	-5.15E-05
243090	0.5	30.327	4.16E-16	-5.04E-05
243092	0.5	27.402	4.16E-16	-4.94E-05
243094	0.5	24.418	4.16E-16	-4.84E-05
243096	0.5	21.373	4.16E-16	-4.74E-05
243098	0.5	18.264	4.16E-16	-4.66E-05
243100	0.5	15.092	4.16E-16	-4.58E-05
243102	0.5	11.855	4.16E-16	-4.52E-05
243104	0.5	8.551	4.16E-16	-4.48E-05
243106	0.5	5.179	4.16E-16	-4.45E-05
243109	0	5.179	3.92E-16	-1.75E-07
243110	-0.083	3.476	3.88E-16	5.14E-07
243111	0	8.551	3.92E-16	-4.97E-07
243112	-0.083	6.882	3.88E-16	2.73E-07
243113	0	11.855	3.92E-16	-9.74E-07
243114	-0.083	10.22	3.88E-16	-1.29E-07
243115	0	15.092	3.92E-16	-1.60E-06
243116	-0.083	13.49	3.88E-16	-6.81E-07
243117	0	18.264	3.92E-16	-2.35E-06
243118	-0.083	16.695	3.88E-16	-1.37E-06
243119	0	21.373	3.92E-16	-3.23E-06
243120	-0.083	19.834	3.88E-16	-2.19E-06
243121	0	24.418	3.92E-16	-4.21E-06
243122	-0.083	22.911	3.88E-16	-3.13E-06
243123	0	27.402	3.92E-16	-5.24E-06
243124	-0.083	25.926	3.88E-16	-4.14E-06
243125	0	30.327	3.92E-16	-6.28E-06
243126	-0.083	28.879	3.88E-16	-5.17E-06
243127	0	33.192	3.92E-16	-7.43E-06
243128	-0.083	31.774	3.88E-16	-6.26E-06
243129	0	35.999	3.92E-16	-8.67E-06
243130	-0.083	34.61	3.88E-16	-7.46E-06
243131	0	38.75	3.92E-16	-9.97E-06
243132	-0.083	37.389	3.88E-16	-8.74E-06
243133	0	41.446	3.92E-16	-1.12E-05
243134	-0.083	40.112	3.88E-16	-1.00E-05
243135	0	44.087	3.92E-16	-1.24E-05
243136	-0.083	42.78	3.88E-16	-1.13E-05
243137	0	46.675	3.92E-16	-1.37E-05
243138	-0.083	45.394	3.88E-16	-1.25E-05
243139	0	49.211	3.92E-16	-1.50E-05
243140	-0.083	47.956	3.88E-16	-1.38E-05
243141	0	51.695	3.92E-16	-1.62E-05
243142	-0.083	50.466	3.88E-16	-1.50E-05
243143	0	54.13	3.92E-16	-1.74E-05
243144	-0.083	52.925	3.88E-16	-1.62E-05
243145	0	56.516	3.92E-16	-1.86E-05
243146	-0.083	55.335	3.88E-16	-1.74E-05
243147	0	58.853	3.92E-16	-1.97E-05
243148	-0.083	57.696	3.88E-16	-1.86E-05
243149	0	61.144	3.92E-16	-2.08E-05
243150	-0.083	60.01	3.88E-16	-1.97E-05
243151	0	63.388	3.92E-16	-2.19E-05
243152	-0.083	62.277	3.88E-16	-2.08E-05
243153	0	65.587	3.92E-16	-2.27E-05
243154	-0.083	64.499	3.88E-16	-2.17E-05
243155	0	67.742	3.92E-16	-2.37E-05
243156	-0.083	66.676	3.88E-16	-2.26E-05
243157	0	69.853	3.92E-16	-2.45E-05
243158	-0.083	68.808	3.88E-16	-2.35E-05
243159	0	71.922	3.92E-16	-2.51E-05
243160	-0.083	70.898	3.88E-16	-2.42E-05
243161	0	73.949	3.92E-16	-2.57E-05
243162	-0.083	72.946	3.88E-16	-2.48E-05
243163	0	75.936	3.92E-16	-2.60E-05
243164	-0.083	74.953	3.88E-16	-2.53E-05
243165	0	77.882	3.92E-16	-2.64E-05
243166	-0.083	76.919	3.88E-16	-2.57E-05
243167	0	79.789	3.92E-16	-2.65E-05
243168	-0.083	78.845	3.88E-16	-2.59E-05
243169	0	81.658	3.92E-16	-2.66E-05
243170	-0.083	80.733	3.88E-16	-2.60E-05
243171	0	83.489	3.92E-16	-2.65E-05
243172	-0.083	82.583	3.88E-16	-2.60E-05
243173	0	85.283	3.92E-16	-2.63E-05
243174	-0.083	84.395	3.88E-16	-2.59E-05
243175	0	87.041	3.92E-16	-2.59E-05
243176	-0.083	86.171	3.88E-16	-2.56E-05
243177	0	88.764	3.92E-16	-2.54E-05
243178	-0.083	87.911	3.88E-16	-2.51E-05
243179	0	90.451	3.92E-16	-2.47E-05
243180	-0.083	89.616	3.88E-16	-2.45E-05
243181	0	92.105	3.92E-16	-2.39E-05
243182	-0.083	91.287	3.88E-16	-2.38E-05
243183	0	93.726	3.92E-16	-2.29E-05
243184	-0.083	92.924	3.88E-16	-2.29E-05
243185	0	95.314	3.92E-16	-2.17E-05
243186	-0.083	94.528	3.88E-16	-2.18E-05
243187	0	96.87	3.92E-16	-2.03E-05
243188	-0.083	96.1	3.88E-16	-2.05E-05
243189	0	98.394	3.92E-16	-1.87E-05
243190	-0.083	97.64	3.88E-16	-1.90E-05
243191	0	99.888	3.92E-16	-1.71E-05
243192	-0.083	99.149	3.88E-16	-1.74E-05
243193	0	101.352	3.92E-16	-1.52E-05
243194	-0.083	100.627	3.88E-16	-1.57E-05
243195	0	102.786	3.92E-16	-1.33E-05
243196	-0.083	102.076	3.88E-16	-1.38E-05
243197	0	104.191	3.92E-16	-1.11E-05
243198	-0.083	103.496	3.88E-16	-1.17E-05
243199	0	105.569	3.92E-16	-8.74E-06
243200	-0.083	104.887	3.88E-16	-9.44E-06
243201	0	106.918	3.92E-16	-6.36E-06
243202	-0.083	106.25	3.88E-16	-7.09E-06
243203	0	108.24	3.92E-16	-3.79E-06
243204	-0.083	107.586	3.88E-16	-4.62E-06
243205	0	109.535	3.92E-16	-1.17E-06
243206	-0.083	108.894	3.88E-16	-2.04E-06
243207	0	110.805	3.92E-16	1.65E-06
243208	-0.083	110.177	3.88E-16	6.66E-07
243209	0	112.049	3.92E-16	4.57E-06
243210	-0.083	111.433	3.88E-16	3.54E-06
243211	0	113.267	3.92E-16	7.46E-06
243212	-0.083	112.664	3.88E-16	6.43E-06
243213	0	114.462	3.92E-16	1.05E-05
243214	-0.083	113.871	3.88E-16	9.37E-06
243215	0	115.632	3.92E-16	1.36E-05
243216	-0.083	115.053	3.88E-16	1.24E-05
243217	0	116.778	3.92E-16	1.65E-05
243218	-0.083	116.211	3.88E-16	1.54E-05
243219	0	117.902	3.92E-16	1.96E-05
243220	-0.083	117.346	3.88E-16	1.84E-05
243221	0	119.003	3.92E-16	2.26E-05
243222	-0.083	118.458	3.88E-16	2.15E-05
243223	0	120.081	3.92E-16	2.55E-05
243224	-0.083	119.547	3.88E-16	2.44E-05
243225	0	121.138	3.92E-16	2.83E-05
243226	-0.083	120.615	3.88E-16	2.72E-05
243227	0	122.174	3.92E-16	3.11E-05
243228	-0.083	121.661	3.88E-16	3.01E-05
243229	0	123.189	3.92E-16	3.37E-05
243230	-0.083	122.686	3.88E-16	3.27E-05
243231	0	124.183	3.92E-16	3.60E-05
243232	-0.083	123.691	3.88E-16	3.51E-05
243233	0	125.157	3.92E-16	3.81E-05
243234	-0.083	124.675	3.88E-16	3.73E-05
243235	0	126.112	3.92E-16	4.00E-05
243236	-0.083	125.639	3.88E-16	3.94E-05
243237	0	127.047	3.92E-16	4.16E-05
243238	-0.083	126.584	3.88E-16	4.11E-05
243239	0	127.964	3.92E-16	4.28E-05
243240	-0.083	127.51	3.88E-16	4.25E-05
243241	0	128.862	3.92E-16	4.37E-05
243242	-0.083	128.417	3.88E-16	4.35E-05
243243	0	129.742	3.92E-16	4.42E-05
243244	-0.083	129.306	3.88E-16	4.42E-05
243245	0	130.604	3.92E-16	4.43E-05
243246	-0.083	130.177	3.88E-16	4.45E-05
243247	0	131.449	3.92E-16	4.38E-05
243248	-0.083	131.031	3.88E-16	4.43E-05
243249	0	132.277	3.92E-16	4.29E-05
243250	-0.083	131.867	3.88E-16	4.36E-05
243251	0	133.088	3.92E-16	4.14E-05
243252	-0.083	132.687	3.88E-16	4.24E-05
243253	0	133.883	3.92E-16	3.94E-05
243254	-0.083	133.49	3.88E-16	4.07E-05
243255	0	134.662	3.92E-16	3.66E-05
243256	-0.083	134.277	3.88E-16	3.83E-05
243257	0	135.425	3.92E-16	3.33E-05
243258	-0.083	135.047	3.88E-16	3.52E-05
243259	0	136.173	3.92E-16	2.93E-05
243260	-0.083	135.803	3.88E-16	3.15E-05
243261	0	136.906	3.92E-16	2.45E-05
243262	-0.083	136.543	3.88E-16	2.72E-05
243263	0	137.624	3.92E-16	1.89E-05
243264	-0.083	137.268	3.88E-16	2.20E-05
243265	0	138.327	3.92E-16	1.25E-05
243266	-0.083	137.979	3.88E-16	1.60E-05
243267	0	139.016	3.92E-16	5.12E-06
243268	-0.083	138.675	3.88E-16	9.04E-06
243269	0	139.692	3.92E-16	-3.14E-06
243270	-0.083	139.358	3.88E-16	1.25E-06
243271	0	140.354	3.92E-16	-1.24E-05
243272	-0.083	140.026	3.88E-16	-7.51E-06
243273	0	141.002	3.92E-16	-2.28E-05
243274	-0.083	140.681	3.88E-16	-1.73E-05
243275	0	141.638	3.92E-16	-3.44E-05
243276	-0.083	141.323	3.88E-16	-2.84E-05
243277	0	142.26	3.92E-16	-4.73E-05
243278	-0.083	141.952	3.88E-16	-4.06E-05
243279	0	142.87	3.92E-16	-6.14E-05
243280	-0.083	142.568	3.88E-16	-5.41E-05
243281	0	143.468	3.92E-16	-7.70E-05
243282	-0.083	143.172	3.88E-16	-6.89E-05
243283	0	144.054	3.92E-16	-9.42E-05
243284	-0.083	143.764	3.88E-16	-8.53E-05
243285	0	144.628	3.92E-16	-1.13E-04
243286	-0.083	144.344	3.88E-16	-1.03E-04
243287	0	145.19	3.92E-16	-1.34E-04
243288	-0.083	144.912	3.88E-16	-1.23E-04
243289	0	145.741	3.92E-16	-1.57E-04
243290	-0.083	145.469	3.88E-16	-1.45E-04
243291	0	146.281	3.92E-16	-1.83E-04
243292	-0.083	146.014	3.88E-16	-1.70E-04
243293	0	146.81	3.92E-16	-2.11E-04
243294	-0.083	146.548	3.88E-16	-1.96E-04
243295	0	147.329	3.92E-16	-2.42E-04
243296	-0.083	147.072	3.88E-16	-2.26E-04
243297	0	147.837	3.92E-16	-2.78E-04
243298	-0.083	147.585	3.88E-16	-2.59E-04
243299	0	148.334	3.92E-16	-3.18E-04
243300	-0.083	148.088	3.88E-16	-2.97E-04
243301	0	148.822	3.92E-16	-3.64E-04
243302	-0.083	148.581	3.88E-16	-3.40E-04
243303	0	149.3	3.92E-16	-4.19E-04
243304	-0.083	149.064	3.88E-16	-3.90E-04
243305	0	149.768	3.92E-16	-4.89E-04
243306	-0.083	149.537	3.88E-16	-4.52E-04
243307	-0.083	150	3.88E-16	-5.35E-04
244204	-0.25	149.537	3.80E-16	-4.55E-04
244205	-0.333	149.3	3.76E-16	-4.27E-04
244206	-0.333	149.768	3.76E-16	-4.95E-04
244207	-0.416	149.537	3.71E-16	-4.65E-04
244208	-0.166	149.3	3.84E-16	-4.20E-04
244209	-0.166	149.768	3.84E-16	-4.90E-04
244210	-0.25	149.064	3.80E-16	-3.94E-04
244211	-0.333	148.822	3.76E-16	-3.73E-04
244212	-0.416	149.064	3.71E-16	-4.05E-04
244213	-0.166	148.822	3.84E-16	-3.65E-04
244214	-0.25	148.581	3.80E-16	-3.44E-04
244215	-0.333	148.334	3.76E-16	-3.27E-04
244216	-0.416	148.581	3.71E-16	-3.56E-04
244217	-0.166	148.334	3.84E-16	-3.19E-04
244218	-0.25	148.088	3.80E-16	-3.02E-04
244219	-0.333	147.837	3.76E-16	-2.87E-04
244220	-0.416	148.088	3.71E-16	-3.13E-04
244221	-0.166	147.837	3.84E-16	-2.79E-04
244222	-0.25	147.585	3.80E-16	-2.64E-04
244223	-0.333	147.329	3.76E-16	-2.52E-04
244224	-0.416	147.585	3.71E-16	-2.76E-04
244225	-0.166	147.329	3.84E-16	-2.44E-04
244226	-0.25	147.072	3.80E-16	-2.31E-04
244227	-0.333	146.81	3.76E-16	-2.20E-04
244228	-0.416	147.072	3.71E-16	-2.42E-04
244229	-0.166	146.81	3.84E-16	-2.12E-04
244230	-0.25	146.548	3.80E-16	-2.01E-04
244231	-0.333	146.281	3.76E-16	-1.92E-04
244232	-0.416	146.548	3.71E-16	-2.13E-04
244233	-0.166	146.281	3.84E-16	-1.84E-04
244234	-0.25	146.014	3.80E-16	-1.74E-04
244235	-0.333	145.741	3.76E-16	-1.67E-04
244236	-0.416	146.014	3.71E-16	-1.86E-04
244237	-0.166	145.741	3.84E-16	-1.59E-04
244238	-0.25	145.469	3.80E-16	-1.50E-04
244239	-0.333	145.19	3.76E-16	-1.44E-04
244240	-0.416	145.469	3.71E-16	-1.62E-04
244241	-0.166	145.19	3.84E-16	-1.36E-04
244242	-0.25	144.912	3.80E-16	-1.28E-04
244243	-0.333	144.628	3.76E-16	-1.23E-04
244244	-0.416	144.912	3.71E-16	-1.40E-04
244245	-0.166	144.628	3.84E-16	-1.15E-04
244246	-0.25	144.344	3.80E-16	-1.08E-04
244247	-0.333	144.054	3.76E-16	-1.04E-04
244248	-0.416	144.344	3.71E-16	-1.20E-04
244249	-0.166	144.054	3.84E-16	-9.56E-05
244250	-0.25	143.764	3.80E-16	-9.01E-05
244251	-0.333	143.468	3.76E-16	-8.67E-05
244252	-0.416	143.764	3.71E-16	-1.02E-04
244253	-0.166	143.468	3.84E-16	-7.84E-05
244254	-0.25	143.172	3.80E-16	-7.38E-05
244255	-0.333	142.87	3.76E-16	-7.11E-05
244256	-0.416	143.172	3.71E-16	-8.56E-05
244257	-0.166	142.87	3.84E-16	-6.28E-05
244258	-0.25	142.568	3.80E-16	-5.89E-05
244259	-0.333	142.26	3.76E-16	-5.69E-05
244260	-0.416	142.568	3.71E-16	-7.07E-05
244261	-0.166	142.26	3.84E-16	-4.87E-05
244262	-0.25	141.952	3.80E-16	-4.54E-05
244263	-0.333	141.638	3.76E-16	-4.41E-05
244264	-0.416	141.952	3.71E-16	-5.73E-05
244265	-0.166	141.638	3.84E-16	-3.58E-05
244266	-0.25	141.323	3.80E-16	-3.32E-05
244267	-0.333	141.002	3.76E-16	-3.25E-05
244268	-0.416	141.323	3.71E-16	-4.51E-05
244269	-0.166	141.002	3.84E-16	-2.42E-05
244270	-0.25	140.681	3.80E-16	-2.22E-05
244271	-0.333	140.354	3.76E-16	-2.21E-05
244272	-0.416	140.681	3.71E-16	-3.41E-05
244273	-0.166	140.354	3.84E-16	-1.38E-05
244274	-0.25	140.026	3.80E-16	-1.24E-05
244275	-0.333	139.692	3.76E-16	-1.29E-05
244276	-0.416	140.026	3.71E-16	-2.43E-05
244277	-0.166	139.692	3.84E-16	-4.55E-06
244278	-0.25	139.358	3.80E-16	-3.65E-06
244279	-0.333	139.016	3.76E-16	-4.63E-06
244280	-0.416	139.358	3.71E-16	-1.56E-05
244281	-0.166	139.016	3.84E-16	3.70E-06
244282	-0.25	138.675	3.80E-16	4.14E-06
244283	-0.333	138.327	3.76E-16	2.69E-06
244284	-0.416	138.675	3.71E-16	-7.80E-06
244285	-0.166	138.327	3.84E-16	1.10E-05
244286	-0.25	137.979	3.80E-16	1.10E-05
244287	-0.333	137.624	3.76E-16	9.16E-06
244288	-0.416	137.979	3.71E-16	-9.17E-07
244289	-0.166	137.624	3.84E-16	1.75E-05
244290	-0.25	137.268	3.80E-16	1.71E-05
244291	-0.333	136.906	3.76E-16	1.47E-05
244292	-0.416	137.268	3.71E-16	5.10E-06
244293	-0.166	136.906	3.84E-16	2.31E-05
244294	-0.25	136.543	3.80E-16	2.22E-05
244295	-0.333	136.173	3.76E-16	1.95E-05
244296	-0.416	136.543	3.71E-16	1.03E-05
244297	-0.166	136.173	3.84E-16	2.79E-05
244298	-0.25	135.803	3.80E-16	2.66E-05
244299	-0.333	135.425	3.76E-16	2.35E-05
244300	-0.416	135.803	3.71E-16	1.46E-05
244301	-0.166	135.425	3.84E-16	3.19E-05
244302	-0.25	135.047	3.80E-16	3.03E-05
244303	-0.333	134.662	3.76E-16	2.68E-05
244304	-0.416	135.047	3.71E-16	1.83E-05
244305	-0.166	134.662	3.84E-16	3.52E-05
244306	-0.25	134.277	3.80E-16	3.33E-05
244307	-0.333	133.883	3.76E-16	2.96E-05
244308	-0.416	134.277	3.71E-16	2.13E-05
244309	-0.166	133.883	3.84E-16	3.80E-05
244310	-0.25	133.49	3.80E-16	3.57E-05
244311	-0.333	133.088	3.76E-16	3.16E-05
244312	-0.416	133.49	3.71E-16	2.37E-05
244313	-0.166	133.088	3.84E-16	4.00E-05
244314	-0.25	132.687	3.80E-16	3.75E-05
244315	-0.333	132.277	3.76E-16	3.31E-05
244316	-0.416	132.687	3.71E-16	2.55E-05
244317	-0.166	132.277	3.84E-16	4.15E-05
244318	-0.25	131.867	3.80E-16	3.87E-05
244319	-0.333	131.449	3.76E-16	3.40E-05
244320	-0.416	131.867	3.71E-16	2.66E-05
244321	-0.166	131.449	3.84E-16	4.24E-05
244322	-0.25	131.031	3.80E-16	3.94E-05
244323	-0.333	130.604	3.76E-16	3.45E-05
244324	-0.416	131.031	3.71E-16	2.73E-05
244325	-0.166	130.604	3.84E-16	4.29E-05
244326	-0.25	130.177	3.80E-16	3.96E-05
244327	-0.333	129.742	3.76E-16	3.45E-05
244328	-0.416	130.177	3.71E-16	2.76E-05
244329	-0.166	129.742	3.84E-16	4.29E-05
244330	-0.25	129.306	3.80E-16	3.94E-05
244331	-0.333	128.862	3.76E-16	3.40E-05
244332	-0.416	129.306	3.71E-16	2.73E-05
244333	-0.166	128.862	3.84E-16	4.24E-05
244334	-0.25	128.417	3.80E-16	3.87E-05
244335	-0.333	127.964	3.76E-16	3.31E-05
244336	-0.416	128.417	3.71E-16	2.66E-05
244337	-0.166	127.964	3.84E-16	4.15E-05
244338	-0.25	127.51	3.80E-16	3.76E-05
244339	-0.333	127.047	3.76E-16	3.20E-05
244340	-0.416	127.51	3.71E-16	2.56E-05
244341	-0.166	127.047	3.84E-16	4.03E-05
244342	-0.25	126.584	3.80E-16	3.63E-05
244343	-0.333	126.112	3.76E-16	3.04E-05
244344	-0.416	126.584	3.71E-16	2.42E-05
244345	-0.166	126.112	3.84E-16	3.88E-05
244346	-0.25	125.639	3.80E-16	3.45E-05
244347	-0.333	125.157	3.76E-16	2.85E-05
244348	-0.416	125.639	3.71E-16	2.25E-05
244349	-0.166	125.157	3.84E-16	3.69E-05
244350	-0.25	124.675	3.80E-16	3.25E-05
244351	-0.333	124.183	3.76E-16	2.64E-05
244352	-0.416	124.675	3.71E-16	2.05E-05
244353	-0.166	124.183	3.84E-16	3.47E-05
244354	-0.25	123.691	3.80E-16	3.03E-05
244355	-0.333	123.189	3.76E-16	2.42E-05
244356	-0.416	123.691	3.71E-16	1.83E-05
244357	-0.166	123.189	3.84E-16	3.25E-05
244358	-0.25	122.686	3.80E-16	2.79E-05
244359	-0.333	122.174	3.76E-16	2.16E-05
244360	-0.416	122.686	3.71E-16	1.60E-05
244361	-0.166	122.174	3.84E-16	2.99E-05
244362	-0.25	121.661	3.80E-16	2.53E-05
244363	-0.333	121.138	3.76E-16	1.89E-05
244364	-0.416	121.661	3.71E-16	1.33E-05
244365	-0.166	121.138	3.84E-16	2.72E-05
244366	-0.25	120.615	3.80E-16	2.25E-05
244367	-0.333	120.081	3.76E-16	1.61E-05
244368	-0.416	120.615	3.71E-16	1.06E-05
244369	-0.166	120.081	3.84E-16	2.44E-05
244370	-0.25	119.547	3.80E-16	1.97E-05
244371	-0.333	119.003	3.76E-16	1.33E-05
244372	-0.416	119.547	3.71E-16	7.74E-06
244373	-0.166	119.003	3.84E-16	2.15E-05
244374	-0.25	118.458	3.80E-16	1.68E-05
244375	-0.333	117.902	3.76E-16	1.03E-05
244376	-0.416	118.458	3.71E-16	4.84E-06
244377	-0.166	117.902	3.84E-16	1.85E-05
244378	-0.25	117.346	3.80E-16	1.38E-05
244379	-0.333	116.778	3.76E-16	7.28E-06
244380	-0.416	117.346	3.71E-16	1.84E-06
244381	-0.166	116.778	3.84E-16	1.55E-05
244382	-0.25	116.211	3.80E-16	1.08E-05
244383	-0.333	115.632	3.76E-16	4.32E-06
244384	-0.416	116.211	3.71E-16	-1.14E-06
244385	-0.166	115.632	3.84E-16	1.25E-05
244386	-0.25	115.053	3.80E-16	7.79E-06
244387	-0.333	114.462	3.76E-16	1.29E-06
244388	-0.416	115.053	3.71E-16	-4.13E-06
244389	-0.166	114.462	3.84E-16	9.48E-06
244390	-0.25	113.871	3.80E-16	4.76E-06
244391	-0.333	113.267	3.76E-16	-1.70E-06
244392	-0.416	113.871	3.71E-16	-7.15E-06
244393	-0.166	113.267	3.84E-16	6.47E-06
244394	-0.25	112.664	3.80E-16	1.83E-06
244395	-0.333	112.049	3.76E-16	-4.57E-06
244396	-0.416	112.664	3.71E-16	-1.01E-05
244397	-0.166	112.049	3.84E-16	3.60E-06
244398	-0.25	111.433	3.80E-16	-1.05E-06
244399	-0.333	110.805	3.76E-16	-7.45E-06
244400	-0.416	111.433	3.71E-16	-1.30E-05
244401	-0.166	110.805	3.84E-16	7.02E-07
244402	-0.25	110.177	3.80E-16	-3.90E-06
244403	-0.333	109.535	3.76E-16	-1.02E-05
244404	-0.416	110.177	3.71E-16	-1.58E-05
244405	-0.166	109.535	3.84E-16	-2.09E-06
244406	-0.25	108.894	3.80E-16	-6.59E-06
244407	-0.333	108.24	3.76E-16	-1.28E-05
244408	-0.416	108.894	3.71E-16	-1.85E-05
244409	-0.166	108.24	3.84E-16	-4.70E-06
244410	-0.25	107.586	3.80E-16	-9.17E-06
244411	-0.333	106.918	3.76E-16	-1.54E-05
244412	-0.416	107.586	3.71E-16	-2.11E-05
244413	-0.166	106.918	3.84E-16	-7.25E-06
244414	-0.25	106.25	3.80E-16	-1.16E-05
244415	-0.333	105.569	3.76E-16	-1.78E-05
244416	-0.416	106.25	3.71E-16	-2.35E-05
244417	-0.166	105.569	3.84E-16	-9.62E-06
244418	-0.25	104.887	3.80E-16	-1.40E-05
244419	-0.333	104.191	3.76E-16	-2.01E-05
244420	-0.416	104.887	3.71E-16	-2.59E-05
244421	-0.166	104.191	3.84E-16	-1.19E-05
244422	-0.25	103.496	3.80E-16	-1.62E-05
244423	-0.333	102.786	3.76E-16	-2.23E-05
244424	-0.416	103.496	3.71E-16	-2.81E-05
244425	-0.166	102.786	3.84E-16	-1.41E-05
244426	-0.25	102.076	3.80E-16	-1.83E-05
244427	-0.333	101.352	3.76E-16	-2.42E-05
244428	-0.416	102.076	3.71E-16	-3.02E-05
244429	-0.166	101.352	3.84E-16	-1.61E-05
244430	-0.25	100.627	3.80E-16	-2.02E-05
244431	-0.333	99.888	3.76E-16	-2.60E-05
244432	-0.416	100.627	3.71E-16	-3.21E-05
244433	-0.166	99.888	3.84E-16	-1.79E-05
244434	-0.25	99.149	3.80E-16	-2.19E-05
244435	-0.333	98.394	3.76E-16	-2.77E-05
244436	-0.416	99.149	3.71E-16	-3.38E-05
244437	-0.166	98.394	3.84E-16	-1.96E-05
244438	-0.25	97.64	3.80E-16	-2.35E-05
244439	-0.333	96.87	3.76E-16	-2.92E-05
244440	-0.416	97.64	3.71E-16	-3.54E-05
244441	-0.166	96.87	3.84E-16	-2.11E-05
244442	-0.25	96.1	3.80E-16	-2.50E-05
244443	-0.333	95.314	3.76E-16	-3.06E-05
244444	-0.416	96.1	3.71E-16	-3.69E-05
244445	-0.166	95.314	3.84E-16	-2.25E-05
244446	-0.25	94.528	3.80E-16	-2.63E-05
244447	-0.333	93.726	3.76E-16	-3.18E-05
244448	-0.416	94.528	3.71E-16	-3.82E-05
244449	-0.166	93.726	3.84E-16	-2.36E-05
244450	-0.25	92.924	3.80E-16	-2.74E-05
244451	-0.333	92.105	3.76E-16	-3.28E-05
244452	-0.416	92.924	3.71E-16	-3.93E-05
244453	-0.166	92.105	3.84E-16	-2.47E-05
244454	-0.25	91.287	3.80E-16	-2.83E-05
244455	-0.333	90.451	3.76E-16	-3.36E-05
244456	-0.416	91.287	3.71E-16	-4.02E-05
244457	-0.166	90.451	3.84E-16	-2.55E-05
244458	-0.25	89.616	3.80E-16	-2.90E-05
244459	-0.333	88.764	3.76E-16	-3.43E-05
244460	-0.416	89.616	3.71E-16	-4.10E-05
244461	-0.166	88.764	3.84E-16	-2.62E-05
244462	-0.25	87.911	3.80E-16	-2.96E-05
244463	-0.333	87.041	3.76E-16	-3.48E-05
244464	-0.416	87.911	3.71E-16	-4.16E-05
244465	-0.166	87.041	3.84E-16	-2.67E-05
244466	-0.25	86.171	3.80E-16	-3.01E-05
244467	-0.333	85.283	3.76E-16	-3.52E-05
244468	-0.416	86.171	3.71E-16	-4.20E-05
244469	-0.166	85.283	3.84E-16	-2.71E-05
244470	-0.25	84.395	3.80E-16	-3.03E-05
244471	-0.333	83.489	3.76E-16	-3.54E-05
244472	-0.416	84.395	3.71E-16	-4.24E-05
244473	-0.166	83.489	3.84E-16	-2.72E-05
244474	-0.25	82.583	3.80E-16	-3.05E-05
244475	-0.333	81.658	3.76E-16	-3.55E-05
244476	-0.416	82.583	3.71E-16	-4.25E-05
244477	-0.166	81.658	3.84E-16	-2.74E-05
244478	-0.25	80.733	3.80E-16	-3.05E-05
244479	-0.333	79.789	3.76E-16	-3.54E-05
244480	-0.416	80.733	3.71E-16	-4.26E-05
244481	-0.166	79.789	3.84E-16	-2.73E-05
244482	-0.25	78.845	3.80E-16	-3.04E-05
244483	-0.333	77.882	3.76E-16	-3.53E-05
244484	-0.416	78.845	3.71E-16	-4.25E-05
244485	-0.166	77.882	3.84E-16	-2.71E-05
244486	-0.25	76.919	3.80E-16	-3.02E-05
244487	-0.333	75.936	3.76E-16	-3.50E-05
244488	-0.416	76.919	3.71E-16	-4.22E-05
244489	-0.166	75.936	3.84E-16	-2.68E-05
244490	-0.25	74.953	3.80E-16	-2.98E-05
244491	-0.333	73.949	3.76E-16	-3.46E-05
244492	-0.416	74.953	3.71E-16	-4.19E-05
244493	-0.166	73.949	3.84E-16	-2.64E-05
244494	-0.25	72.946	3.80E-16	-2.93E-05
244495	-0.333	71.922	3.76E-16	-3.40E-05
244496	-0.416	72.946	3.71E-16	-4.14E-05
244497	-0.166	71.922	3.84E-16	-2.58E-05
244498	-0.25	70.898	3.80E-16	-2.87E-05
244499	-0.333	69.853	3.76E-16	-3.34E-05
244500	-0.416	70.898	3.71E-16	-4.08E-05
244501	-0.166	69.853	3.84E-16	-2.52E-05
244502	-0.25	68.808	3.80E-16	-2.80E-05
244503	-0.333	67.742	3.76E-16	-3.26E-05
244504	-0.416	68.808	3.71E-16	-4.02E-05
244505	-0.166	67.742	3.84E-16	-2.44E-05
244506	-0.25	66.676	3.80E-16	-2.72E-05
244507	-0.333	65.587	3.76E-16	-3.17E-05
244508	-0.416	66.676	3.71E-16	-3.93E-05
244509	-0.166	65.587	3.84E-16	-2.35E-05
244510	-0.25	64.499	3.80E-16	-2.63E-05
244511	-0.333	63.388	3.76E-16	-3.09E-05
244512	-0.416	64.499	3.71E-16	-3.84E-05
244513	-0.166	63.388	3.84E-16	-2.26E-05
244514	-0.25	62.277	3.80E-16	-2.53E-05
244515	-0.333	61.144	3.76E-16	-2.98E-05
244516	-0.416	62.277	3.71E-16	-3.75E-05
244517	-0.166	61.144	3.84E-16	-2.15E-05
244518	-0.25	60.01	3.80E-16	-2.42E-05
244519	-0.333	58.853	3.76E-16	-2.87E-05
244520	-0.416	60.01	3.71E-16	-3.64E-05
244521	-0.166	58.853	3.84E-16	-2.04E-05
244522	-0.25	57.696	3.80E-16	-2.31E-05
244523	-0.333	56.516	3.76E-16	-2.77E-05
244524	-0.416	57.696	3.71E-16	-3.53E-05
244525	-0.166	56.516	3.84E-16	-1.94E-05
244526	-0.25	55.335	3.80E-16	-2.20E-05
244527	-0.333	54.13	3.76E-16	-2.65E-05
244528	-0.416	55.335	3.71E-16	-3.42E-05
244529	-0.166	54.13	3.84E-16	-1.81E-05
244530	-0.25	52.925	3.80E-16	-2.08E-05
244531	-0.333	51.695	3.76E-16	-2.52E-05
244532	-0.416	52.925	3.71E-16	-3.30E-05
244533	-0.166	51.695	3.84E-16	-1.69E-05
244534	-0.25	50.466	3.80E-16	-1.96E-05
244535	-0.333	49.211	3.76E-16	-2.41E-05
244536	-0.416	50.466	3.71E-16	-3.18E-05
244537	-0.166	49.211	3.84E-16	-1.57E-05
244538	-0.25	47.956	3.80E-16	-1.84E-05
244539	-0.333	46.675	3.76E-16	-2.28E-05
244540	-0.416	47.956	3.71E-16	-3.06E-05
244541	-0.166	46.675	3.84E-16	-1.45E-05
244542	-0.25	45.394	3.80E-16	-1.71E-05
244543	-0.333	44.087	3.76E-16	-2.15E-05
244544	-0.416	45.394	3.71E-16	-2.94E-05
244545	-0.166	44.087	3.84E-16	-1.32E-05
244546	-0.25	42.78	3.80E-16	-1.58E-05
244547	-0.333	41.446	3.76E-16	-2.03E-05
244548	-0.416	42.78	3.71E-16	-2.81E-05
244549	-0.166	41.446	3.84E-16	-1.20E-05
244550	-0.25	40.112	3.80E-16	-1.46E-05
244551	-0.333	38.75	3.76E-16	-1.91E-05
244552	-0.416	40.112	3.71E-16	-2.69E-05
244553	-0.166	38.75	3.84E-16	-1.07E-05
244554	-0.25	37.389	3.80E-16	-1.33E-05
244555	-0.333	35.999	3.76E-16	-1.78E-05
244556	-0.416	37.389	3.71E-16	-2.57E-05
244557	-0.166	35.999	3.84E-16	-9.42E-06
244558	-0.25	34.61	3.80E-16	-1.21E-05
244559	-0.333	33.192	3.76E-16	-1.66E-05
244560	-0.416	34.61	3.71E-16	-2.44E-05
244561	-0.166	33.192	3.84E-16	-8.18E-06
244562	-0.25	31.774	3.80E-16	-1.09E-05
244563	-0.333	30.327	3.76E-16	-1.54E-05
244564	-0.416	31.774	3.71E-16	-2.32E-05
244565	-0.166	30.327	3.84E-16	-7.02E-06
244566	-0.25	28.879	3.80E-16	-9.77E-06
244567	-0.333	27.402	3.76E-16	-1.44E-05
244568	-0.416	28.879	3.71E-16	-2.21E-05
244569	-0.166	27.402	3.84E-16	-5.99E-06
244570	-0.25	25.926	3.80E-16	-8.74E-06
244571	-0.333	24.418	3.76E-16	-1.34E-05
244572	-0.416	25.926	3.71E-16	-2.11E-05
244573	-0.166	24.418	3.84E-16	-4.96E-06
244574	-0.25	22.911	3.80E-16	-7.73E-06
244575	-0.333	21.373	3.76E-16	-1.24E-05
244576	-0.416	22.911	3.71E-16	-2.01E-05
244577	-0.166	21.373	3.84E-16	-3.98E-06
244578	-0.25	19.834	3.80E-16	-6.80E-06
244579	-0.333	18.264	3.76E-16	-1.15E-05
244580	-0.416	19.834	3.71E-16	-1.92E-05
244581	-0.166	18.264	3.84E-16	-3.10E-06
244582	-0.25	16.695	3.80E-16	-5.98E-06
244583	-0.333	15.092	3.76E-16	-1.08E-05
244584	-0.416	16.695	3.71E-16	-1.84E-05
244585	-0.166	15.092	3.84E-16	-2.34E-06
244586	-0.25	13.49	3.80E-16	-5.29E-06
244587	-0.333	11.855	3.76E-16	-1.02E-05
244588	-0.416	13.49	3.71E-16	-1.77E-05
244589	-0.166	11.855	3.84E-16	-1.72E-06
244590	-0.25	10.22	3.80E-16	-4.74E-06
244591	-0.333	8.551	3.76E-16	-9.68E-06
244592	-0.416	10.22	3.71E-16	-1.72E-05
244593	-0.166	8.551	3.84E-16	-1.25E-06
244594	-0.25	6.882	3.80E-16	-4.34E-06
244595	-0.333	5.179	3.76E-16	-9.36E-06
244596	-0.416	6.882	3.71E-16	-1.68E-05
244597	-0.166	5.179	3.84E-16	-9.23E-07
244598	-0.25	3.476	3.80E-16	-4.10E-06
244599	-0.416	3.476	3.71E-16	-1.65E-05
244600	-0.25	150	3.80E-16	-5.36E-04
244601	-0.416	150	3.71E-16	-5.42E-04
244602	-0.5	149.768	3.67E-16	-5.06E-04
244604	-0.5	149.3	3.67E-16	-4.41E-04
244606	-0.5	148.822	3.67E-16	-3.87E-04
244608	-0.5	148.334	3.67E-16	-3.41E-04
244610	-0.5	147.837	3.67E-16	-3.02E-04
244612	-0.5	147.329	3.67E-16	-2.67E-04
244614	-0.5	146.81	3.67E-16	-2.35E-04
244616	-0.5	146.281	3.67E-16	-2.07E-04
244618	-0.5	145.741	3.67E-16	-1.82E-04
244620	-0.5	145.19	3.67E-16	-1.59E-04
244622	-0.5	144.628	3.67E-16	-1.38E-04
244624	-0.5	144.054	3.67E-16	-1.19E-04
244626	-0.5	143.468	3.67E-16	-1.02E-04
244628	-0.5	142.87	3.67E-16	-8.63E-05
244630	-0.5	142.26	3.67E-16	-7.22E-05
244632	-0.5	141.638	3.67E-16	-5.94E-05
244634	-0.5	141.002	3.67E-16	-4.78E-05
244636	-0.5	140.354	3.67E-16	-3.75E-05
244638	-0.5	139.692	3.67E-16	-2.82E-05
244640	-0.5	139.016	3.67E-16	-2.00E-05
244642	-0.5	138.327	3.67E-16	-1.27E-05
244644	-0.5	137.624	3.67E-16	-6.25E-06
244646	-0.5	136.906	3.67E-16	-6.85E-07
244648	-0.5	136.173	3.67E-16	4.06E-06
244650	-0.5	135.425	3.67E-16	8.05E-06
244652	-0.5	134.662	3.67E-16	1.14E-05
244654	-0.5	133.883	3.67E-16	1.41E-05
244656	-0.5	133.088	3.67E-16	1.61E-05
244658	-0.5	132.277	3.67E-16	1.76E-05
244660	-0.5	131.449	3.67E-16	1.85E-05
244662	-0.5	130.604	3.67E-16	1.90E-05
244664	-0.5	129.742	3.67E-16	1.90E-05
244666	-0.5	128.862	3.67E-16	1.85E-05
244668	-0.5	127.964	3.67E-16	1.76E-05
244670	-0.5	127.047	3.67E-16	1.64E-05
244672	-0.5	126.112	3.67E-16	1.49E-05
244674	-0.5	125.157	3.67E-16	1.30E-05
244676	-0.5	124.183	3.67E-16	1.09E-05
244678	-0.5	123.189	3.67E-16	8.65E-06
244680	-0.5	122.174	3.67E-16	6.13E-06
244682	-0.5	121.138	3.67E-16	3.42E-06
244684	-0.5	120.081	3.67E-16	6.25E-07
244686	-0.5	119.003	3.67E-16	-2.22E-06
244688	-0.5	117.902	3.67E-16	-5.19E-06
244690	-0.5	116.778	3.67E-16	-8.19E-06
244692	-0.5	115.632	3.67E-16	-1.12E-05
244694	-0.5	114.462	3.67E-16	-1.42E-05
244696	-0.5	113.267	3.67E-16	-1.72E-05
244698	-0.5	112.049	3.67E-16	-2.00E-05
244700	-0.5	110.805	3.67E-16	-2.29E-05
244702	-0.5	109.535	3.67E-16	-2.57E-05
244704	-0.5	108.24	3.67E-16	-2.83E-05
244706	-0.5	106.918	3.67E-16	-3.09E-05
244708	-0.5	105.569	3.67E-16	-3.32E-05
244710	-0.5	104.191	3.67E-16	-3.56E-05
244712	-0.5	102.786	3.67E-16	-3.77E-05
244714	-0.5	101.352	3.67E-16	-3.97E-05
244716	-0.5	99.888	3.67E-16	-4.16E-05
244718	-0.5	98.394	3.67E-16	-4.32E-05
244720	-0.5	96.87	3.67E-16	-4.48E-05
244722	-0.5	95.314	3.67E-16	-4.62E-05
244724	-0.5	93.726	3.67E-16	-4.74E-05
244726	-0.5	92.105	3.67E-16	-4.84E-05
244728	-0.5	90.451	3.67E-16	-4.92E-05
244730	-0.5	88.764	3.67E-16	-5.00E-05
244732	-0.5	87.041	3.67E-16	-5.05E-05
244734	-0.5	85.283	3.67E-16	-5.09E-05
244736	-0.5	83.489	3.67E-16	-5.11E-05
244738	-0.5	81.658	3.67E-16	-5.12E-05
244740	-0.5	79.789	3.67E-16	-5.12E-05
244742	-0.5	77.882	3.67E-16	-5.11E-05
244744	-0.5	75.936	3.67E-16	-5.08E-05
244746	-0.5	73.949	3.67E-16	-5.04E-05
244748	-0.5	71.922	3.67E-16	-4.99E-05
244750	-0.5	69.853	3.67E-16	-4.93E-05
244752	-0.5	67.742	3.67E-16	-4.85E-05
244754	-0.5	65.587	3.67E-16	-4.76E-05
244756	-0.5	63.388	3.67E-16	-4.68E-05
244758	-0.5	61.144	3.67E-16	-4.57E-05
244760	-0.5	58.853	3.67E-16	-4.47E-05
244762	-0.5	56.516	3.67E-16	-4.36E-05
244764	-0.5	54.13	3.67E-16	-4.24E-05
244766	-0.5	51.695	3.67E-16	-4.12E-05
244768	-0.5	49.211	3.67E-16	-4.01E-05
244770	-0.5	46.675	3.67E-16	-3.88E-05
244772	-0.5	44.087	3.67E-16	-3.76E-05
244774	-0.5	41.446	3.67E-16	-3.64E-05
244776	-0.5	38.75	3.67E-16	-3.52E-05
244778	-0.5	35.999	3.67E-16	-3.39E-05
244780	-0.5	33.192	3.67E-16	-3.27E-05
244782	-0.5	30.327	3.67E-16	-3.16E-05
244784	-0.5	27.402	3.67E-16	-3.05E-05
244786	-0.5	24.418	3.67E-16	-2.95E-05
244788	-0.5	21.373	3.67E-16	-2.86E-05
244790	-0.5	18.264	3.67E-16	-2.77E-05
244792	-0.5	15.092	3.67E-16	-2.70E-05
244794	-0.5	11.855	3.67E-16	-2.64E-05
244796	-0.5	8.551	3.67E-16	-2.59E-05
244798	-0.5	5.179	3.67E-16	-2.56E-05
