-0.029992	2.81E-10
-0.029976	2.76E-10
-0.02996	2.82E-10
-0.029944	3.05E-10
-0.029929	3.08E-10
-0.029913	2.83E-10
-0.029897	2.66E-10
-0.029881	2.54E-10
-0.029865	2.49E-10
-0.029849	2.78E-10
-0.029833	3.08E-10
-0.029817	3.46E-10
-0.029802	3.71E-10
-0.029786	3.72E-10
-0.02977	3.48E-10
-0.029754	3.09E-10
-0.029738	3E-10
-0.029722	3.02E-10
-0.029706	2.75E-10
-0.02969	2.43E-10
-0.029675	2.21E-10
-0.029659	2.15E-10
-0.029643	2.15E-10
-0.029627	2.26E-10
-0.029611	2.25E-10
-0.029595	2.13E-10
-0.029579	2.21E-10
-0.029563	2.43E-10
-0.029548	2.76E-10
-0.029532	3.12E-10
-0.029516	3.28E-10
-0.0295	3.19E-10
-0.029484	3.08E-10
-0.029468	2.83E-10
-0.029452	2.69E-10
-0.029437	2.64E-10
-0.029421	2.65E-10
-0.029405	2.74E-10
-0.029389	2.65E-10
-0.029373	2.33E-10
-0.029357	2.08E-10
-0.029341	2.08E-10
-0.029325	2.21E-10
-0.02931	2.15E-10
-0.029294	2.13E-10
-0.029278	2.07E-10
-0.029262	1.96E-10
-0.029246	2.01E-10
-0.02923	2.25E-10
-0.029214	2.51E-10
-0.029198	2.77E-10
-0.029183	2.88E-10
-0.029167	2.84E-10
-0.029151	2.73E-10
-0.029135	2.73E-10
-0.029119	2.65E-10
-0.029103	2.4E-10
-0.029087	2.23E-10
-0.029071	2.13E-10
-0.029056	1.98E-10
-0.02904	1.81E-10
-0.029024	1.59E-10
-0.029008	1.42E-10
-0.028992	1.3E-10
-0.028976	1.29E-10
-0.02896	1.45E-10
-0.028944	1.76E-10
-0.028929	1.94E-10
-0.028913	1.96E-10
-0.028897	1.93E-10
-0.028881	1.78E-10
-0.028865	1.6E-10
-0.028849	1.49E-10
-0.028833	1.36E-10
-0.028817	1.39E-10
-0.028802	1.28E-10
-0.028786	1.21E-10
-0.02877	1.24E-10
-0.028754	1.19E-10
-0.028738	1.15E-10
-0.028722	9.9E-11
-0.028706	7.1E-11
-0.02869	5.6E-11
-0.028675	5.1E-11
-0.028659	7.3E-11
-0.028643	9.6E-11
-0.028627	1.02E-10
-0.028611	1.07E-10
-0.028595	1.01E-10
-0.028579	9.8E-11
-0.028563	1.12E-10
-0.028548	1.18E-10
-0.028532	1.13E-10
-0.028516	1.1E-10
-0.0285	1.15E-10
-0.028484	1.24E-10
-0.028468	1.17E-10
-0.028452	1.14E-10
-0.028437	1.19E-10
-0.028421	1.27E-10
-0.028405	1.31E-10
-0.028389	1.3E-10
-0.028373	1.16E-10
-0.028357	1.12E-10
-0.028341	1.05E-10
-0.028325	1.03E-10
-0.02831	9.7E-11
-0.028294	8.5E-11
-0.028278	7.4E-11
-0.028262	8.4E-11
-0.028246	1.04E-10
-0.02823	1.18E-10
-0.028214	1.22E-10
-0.028198	1.21E-10
-0.028183	1.17E-10
-0.028167	1.07E-10
-0.028151	8.4E-11
-0.028135	7.7E-11
-0.028119	8.4E-11
-0.028103	8.7E-11
-0.028087	8.3E-11
-0.028071	5.9E-11
-0.028056	4.1E-11
-0.02804	3.5E-11
-0.028024	2E-11
-0.028008	9E-12
-0.027992	4E-12
-0.027976	1E-11
-0.02796	6E-12
-0.027944	8E-12
-0.027929	1.6E-11
-0.027913	1.3E-11
-0.027897	1E-11
-0.027881	1.6E-11
-0.027865	2.9E-11
-0.027849	4E-11
-0.027833	3.3E-11
-0.027817	3.5E-11
-0.027802	3.1E-11
-0.027786	2.1E-11
-0.02777	1.8E-11
-0.027754	1.7E-11
-0.027738	2.4E-11
-0.027722	2.5E-11
-0.027706	2.3E-11
-0.02769	1.9E-11
-0.027675	2E-12
-0.027659	4E-12
-0.027643	8E-12
-0.027627	1.9E-11
-0.027611	3.9E-11
-0.027595	6.2E-11
-0.027579	8.3E-11
-0.027563	9.6E-11
-0.027548	9.5E-11
-0.027532	9.4E-11
-0.027516	9E-11
-0.0275	8.3E-11
-0.027484	6.5E-11
-0.027468	5.8E-11
-0.027452	6E-11
-0.027437	5.9E-11
-0.027421	5.6E-11
-0.027405	4.2E-11
-0.027389	2.5E-11
-0.027373	1.5E-11
-0.027357	1.2E-11
-0.027341	3E-12
-0.027325	-9E-12
-0.02731	-1.9E-11
-0.027294	-8E-12
-0.027278	5E-12
-0.027262	1.9E-11
-0.027246	3.6E-11
-0.02723	4E-11
-0.027214	3.4E-11
-0.027198	2.7E-11
-0.027183	1.4E-11
-0.027167	5E-12
-0.027151	2E-12
-0.027135	0
-0.027119	-9E-12
-0.027103	-2E-11
-0.027087	-3.3E-11
-0.027071	-4.9E-11
-0.027056	-3.8E-11
-0.02704	-2.5E-11
-0.027024	-2.3E-11
-0.027008	-2.5E-11
-0.026992	-4.5E-11
-0.026976	-5.2E-11
-0.02696	-5.4E-11
-0.026944	-5.8E-11
-0.026929	-6.9E-11
-0.026913	-8.6E-11
-0.026897	-1E-10
-0.026881	-1.16E-10
-0.026865	-1.23E-10
-0.026849	-1.11E-10
-0.026833	-1.06E-10
-0.026817	-9.2E-11
-0.026802	-6.5E-11
-0.026786	-3.7E-11
-0.02677	-2.8E-11
-0.026754	-4.2E-11
-0.026738	-6.3E-11
-0.026722	-7.4E-11
-0.026706	-8.1E-11
-0.02669	-8.9E-11
-0.026675	-9.9E-11
-0.026659	-9.3E-11
-0.026643	-9.7E-11
-0.026627	-1.01E-10
-0.026611	-1.06E-10
-0.026595	-1.03E-10
-0.026579	-9.6E-11
-0.026563	-9E-11
-0.026548	-8.3E-11
-0.026532	-7.3E-11
-0.026516	-7.2E-11
-0.0265	-6.5E-11
-0.026484	-6.1E-11
-0.026468	-5.4E-11
-0.026452	-5E-11
-0.026437	-5.6E-11
-0.026421	-5.8E-11
-0.026405	-5.5E-11
-0.026389	-5.1E-11
-0.026373	-4.2E-11
-0.026357	-3.4E-11
-0.026341	-3.4E-11
-0.026325	-3.7E-11
-0.02631	-5.8E-11
-0.026294	-7E-11
-0.026278	-6.9E-11
-0.026262	-6.2E-11
-0.026246	-5.4E-11
-0.02623	-6E-11
-0.026214	-7.1E-11
-0.026198	-6.4E-11
-0.026183	-5.6E-11
-0.026167	-6E-11
-0.026151	-6.4E-11
-0.026135	-5.7E-11
-0.026119	-5.9E-11
-0.026103	-5.2E-11
-0.026087	-4.9E-11
-0.026071	-5.3E-11
-0.026056	-6.2E-11
-0.02604	-8.3E-11
-0.026024	-9.4E-11
-0.026008	-8E-11
-0.025992	-7.1E-11
-0.025976	-6.3E-11
-0.02596	-7.4E-11
-0.025944	-8.6E-11
-0.025929	-8.3E-11
-0.025913	-8E-11
-0.025897	-8.5E-11
-0.025881	-9.7E-11
-0.025865	-1.06E-10
-0.025849	-1.02E-10
-0.025833	-1.11E-10
-0.025817	-1.23E-10
-0.025802	-1.13E-10
-0.025786	-9.4E-11
-0.02577	-7.7E-11
-0.025754	-7.8E-11
-0.025738	-9E-11
-0.025722	-1.09E-10
-0.025706	-1.3E-10
-0.02569	-1.35E-10
-0.025675	-1.36E-10
-0.025659	-1.28E-10
-0.025643	-1.19E-10
-0.025627	-1.05E-10
-0.025611	-9.7E-11
-0.025595	-9.8E-11
-0.025579	-9.8E-11
-0.025563	-9.4E-11
-0.025548	-9E-11
-0.025532	-7.8E-11
-0.025516	-6.7E-11
-0.0255	-5.1E-11
-0.025484	-4.1E-11
-0.025468	-3.3E-11
-0.025452	-2.7E-11
-0.025437	-2.9E-11
-0.025421	-3.6E-11
-0.025405	-4.7E-11
-0.025389	-6.4E-11
-0.025373	-8.1E-11
-0.025357	-1.04E-10
-0.025341	-1.23E-10
-0.025325	-1.38E-10
-0.02531	-1.46E-10
-0.025294	-1.5E-10
-0.025278	-1.51E-10
-0.025262	-1.5E-10
-0.025246	-1.38E-10
-0.02523	-1.26E-10
-0.025214	-1.12E-10
-0.025198	-1.03E-10
-0.025183	-1.04E-10
-0.025167	-1.06E-10
-0.025151	-1.21E-10
-0.025135	-1.38E-10
-0.025119	-1.65E-10
-0.025103	-1.9E-10
-0.025087	-2.06E-10
-0.025071	-2.19E-10
-0.025056	-2.26E-10
-0.02504	-2.33E-10
-0.025024	-2.46E-10
-0.025008	-2.56E-10
-0.024992	-2.64E-10
-0.024976	-2.57E-10
-0.02496	-2.48E-10
-0.024944	-2.35E-10
-0.024929	-2.14E-10
-0.024913	-2.07E-10
-0.024897	-1.66E-10
-0.024881	-1.92E-10
-0.024865	-1.84E-10
-0.024849	-2.25E-10
-0.024833	-2.07E-10
-0.024817	-2.3E-10
-0.024802	-2.16E-10
-0.024786	-2.4E-10
-0.02477	-2.02E-10
-0.024754	-2.12E-10
-0.024738	-1.94E-10
-0.024722	-1.99E-10
-0.024706	-2.2E-10
-0.02469	-2.03E-10
-0.024675	-2.32E-10
-0.024659	-1.98E-10
-0.024643	-2.08E-10
-0.024627	-1.88E-10
-0.024611	-2.11E-10
-0.024595	-1.77E-10
-0.024579	-1.94E-10
-0.024563	-1.82E-10
-0.024548	-2.15E-10
-0.024532	-1.92E-10
-0.024516	-2.18E-10
-0.0245	-2.15E-10
-0.024484	-2.19E-10
-0.024468	-2.36E-10
-0.024452	-2.14E-10
-0.024437	-2.34E-10
-0.024421	-1.92E-10
-0.024405	-2.01E-10
-0.024389	-1.83E-10
-0.024373	-2.12E-10
-0.024357	-1.81E-10
-0.024341	-1.87E-10
-0.024325	-1.63E-10
-0.02431	-1.61E-10
-0.024294	-1.75E-10
-0.024278	-1.64E-10
-0.024262	-2.02E-10
-0.024246	-1.85E-10
-0.02423	-2.09E-10
-0.024214	-1.96E-10
-0.024198	-2.29E-10
-0.024183	-2.04E-10
-0.024167	-2.23E-10
-0.024151	-2.06E-10
-0.024135	-2.31E-10
-0.024119	-1.96E-10
-0.024103	-2.06E-10
-0.024087	-1.88E-10
-0.024071	-1.83E-10
-0.024056	-1.94E-10
-0.02404	-1.83E-10
-0.024024	-2.23E-10
-0.024008	-2.01E-10
-0.023992	-2.2E-10
-0.023976	-2.06E-10
-0.02396	-2.39E-10
-0.023944	-2.09E-10
-0.023929	-2.19E-10
-0.023913	-1.96E-10
-0.023897	-1.87E-10
-0.023881	-1.96E-10
-0.023865	-1.79E-10
-0.023849	-2.09E-10
-0.023833	-1.84E-10
-0.023817	-2.04E-10
-0.023802	-1.94E-10
-0.023786	-2.26E-10
-0.02377	-1.98E-10
-0.023754	-2.16E-10
-0.023738	-2.01E-10
-0.023722	-2.04E-10
-0.023706	-2.26E-10
-0.02369	-2.16E-10
-0.023675	-2.44E-10
-0.023659	-2.06E-10
-0.023643	-2.1E-10
-0.023627	-1.8E-10
-0.023611	-1.92E-10
-0.023595	-1.56E-10
-0.023579	-1.7E-10
-0.023563	-1.55E-10
-0.023548	-1.83E-10
-0.023532	-1.54E-10
-0.023516	-1.71E-10
-0.0235	-1.64E-10
-0.023484	-1.72E-10
-0.023468	-1.99E-10
-0.023452	-1.96E-10
-0.023437	-2.35E-10
-0.023421	-2.12E-10
-0.023405	-2.3E-10
-0.023389	-2.2E-10
-0.023373	-2.52E-10
-0.023357	-2.16E-10
-0.023341	-2.14E-10
-0.023325	-1.85E-10
-0.02331	-1.74E-10
-0.023294	-1.73E-10
-0.023278	-1.44E-10
-0.023262	-1.62E-10
-0.023246	-1.3E-10
-0.02323	-1.45E-10
-0.023214	-1.33E-10
-0.023198	-1.73E-10
-0.023183	-1.54E-10
-0.023167	-1.7E-10
-0.023151	-1.48E-10
-0.023135	-1.68E-10
-0.023119	-1.32E-10
-0.023103	-1.36E-10
-0.023087	-1.07E-10
-0.023071	-9.7E-11
-0.023056	-1.1E-10
-0.02304	-1E-10
-0.023024	-1.37E-10
-0.023008	-1.17E-10
-0.022992	-1.41E-10
-0.022976	-1.33E-10
-0.02296	-1.64E-10
-0.022944	-1.36E-10
-0.022929	-1.5E-10
-0.022913	-1.38E-10
-0.022897	-1.37E-10
-0.022881	-1.52E-10
-0.022865	-1.36E-10
-0.022849	-1.55E-10
-0.022833	-1.16E-10
-0.022817	-1.27E-10
-0.022802	-1.16E-10
-0.022786	-1.49E-10
-0.02277	-1.26E-10
-0.022754	-1.43E-10
-0.022738	-1.29E-10
-0.022722	-1.28E-10
-0.022706	-1.38E-10
-0.02269	-1.19E-10
-0.022675	-1.49E-10
-0.022659	-1.28E-10
-0.022643	-1.45E-10
-0.022627	-1.25E-10
-0.022611	-1.39E-10
-0.022595	-9.4E-11
-0.022579	-8.8E-11
-0.022563	-5.3E-11
-0.022548	-6.7E-11
-0.022532	-3.5E-11
-0.022516	-5.1E-11
-0.0225	-4.4E-11
-0.022484	-4.8E-11
-0.022468	-6.7E-11
-0.022452	-5.8E-11
-0.022437	-9.2E-11
-0.022421	-7.3E-11
-0.022405	-9.9E-11
-0.022389	-8.9E-11
-0.022373	-1.11E-10
-0.022357	-7.4E-11
-0.022341	-7.7E-11
-0.022325	-5.4E-11
-0.02231	-4.6E-11
-0.022294	-5.8E-11
-0.022278	-4.5E-11
-0.022262	-6.9E-11
-0.022246	-3.3E-11
-0.02223	-3.4E-11
-0.022214	-1.2E-11
-0.022198	-4.8E-11
-0.022183	-3.6E-11
-0.022167	-6.2E-11
-0.022151	-5.6E-11
-0.022135	-9.8E-11
-0.022119	-8.5E-11
-0.022103	-1.14E-10
-0.022087	-1.13E-10
-0.022071	-1.22E-10
-0.022056	-1.35E-10
-0.02204	-1.1E-10
-0.022024	-1.17E-10
-0.022008	-7.1E-11
-0.021992	-7.7E-11
-0.021976	-6.2E-11
-0.02196	-9.3E-11
-0.021944	-7.2E-11
-0.021929	-9.4E-11
-0.021913	-8.6E-11
-0.021897	-8.8E-11
-0.021881	-1.1E-10
-0.021865	-1.06E-10
-0.021849	-1.4E-10
-0.021833	-1.14E-10
-0.021817	-1.28E-10
-0.021802	-1.1E-10
-0.021786	-1.29E-10
-0.02177	-9.8E-11
-0.021754	-1.09E-10
-0.021738	-9.6E-11
-0.021722	-9.9E-11
-0.021706	-1.09E-10
-0.02169	-8E-11
-0.021675	-9.3E-11
-0.021659	-5.2E-11
-0.021643	-5.5E-11
-0.021627	-4E-11
-0.021611	-7.1E-11
-0.021595	-5.1E-11
-0.021579	-7.2E-11
-0.021563	-6.7E-11
-0.021548	-1.02E-10
-0.021532	-7.9E-11
-0.021516	-9.3E-11
-0.0215	-7.6E-11
-0.021484	-6E-11
-0.021468	-5.7E-11
-0.021452	-2.6E-11
-0.021437	-4.1E-11
-0.021421	-8E-12
-0.021405	-2.5E-11
-0.021389	-2.3E-11
-0.021373	-6.6E-11
-0.021357	-5.5E-11
-0.021341	-8.2E-11
-0.021325	-8E-11
-0.02131	-8.7E-11
-0.021294	-1.01E-10
-0.021278	-8.3E-11
-0.021262	-1.03E-10
-0.021246	-7E-11
-0.02123	-7.5E-11
-0.021214	-5.5E-11
-0.021198	-8.1E-11
-0.021183	-6.2E-11
-0.021167	-9.1E-11
-0.021151	-9.4E-11
-0.021135	-1.02E-10
-0.021119	-1.12E-10
-0.021103	-9.5E-11
-0.021087	-1.2E-10
-0.021071	-9.3E-11
-0.021056	-1.03E-10
-0.02104	-8.5E-11
-0.021024	-1.1E-10
-0.021008	-8.3E-11
-0.020992	-9.3E-11
-0.020976	-7.8E-11
-0.02096	-1.07E-10
-0.020944	-8.7E-11
-0.020929	-1.09E-10
-0.020913	-1.05E-10
-0.020897	-1.1E-10
-0.020881	-1.24E-10
-0.020865	-1.07E-10
-0.020849	-1.28E-10
-0.020833	-1.03E-10
-0.020817	-1.24E-10
-0.020802	-1.18E-10
-0.020786	-1.45E-10
-0.02077	-1.15E-10
-0.020754	-1.2E-10
-0.020738	-9.5E-11
-0.020722	-8.1E-11
-0.020706	-8.5E-11
-0.02069	-6.8E-11
-0.020675	-9.6E-11
-0.020659	-7.4E-11
-0.020643	-9.3E-11
-0.020627	-8.5E-11
-0.020611	-1.17E-10
-0.020595	-1.03E-10
-0.020579	-1.29E-10
-0.020563	-1.28E-10
-0.020548	-1.63E-10
-0.020532	-1.41E-10
-0.020516	-1.5E-10
-0.0205	-1.3E-10
-0.020484	-1.22E-10
-0.020468	-1.33E-10
-0.020452	-1.15E-10
-0.020437	-1.28E-10
-0.020421	-8E-11
-0.020405	-7.5E-11
-0.020389	-6.2E-11
-0.020373	-9.7E-11
-0.020357	-8.1E-11
-0.020341	-1.01E-10
-0.020325	-9.6E-11
-0.02031	-1.01E-10
-0.020294	-1.19E-10
-0.020278	-1.09E-10
-0.020262	-1.38E-10
-0.020246	-1.17E-10
-0.02023	-1.31E-10
-0.020214	-1.16E-10
-0.020198	-1.42E-10
-0.020183	-1.18E-10
-0.020167	-1.33E-10
-0.020151	-1.24E-10
-0.020135	-1.29E-10
-0.020119	-1.4E-10
-0.020103	-1.2E-10
-0.020087	-1.35E-10
-0.020071	-1.04E-10
-0.020056	-1.13E-10
-0.02004	-1.02E-10
-0.020024	-1.33E-10
-0.020008	-1.11E-10
-0.019992	-1.28E-10
-0.019976	-1.18E-10
-0.01996	-1.44E-10
-0.019944	-1.16E-10
-0.019929	-1.24E-10
-0.019913	-1.07E-10
-0.019897	-1.04E-10
-0.019881	-1.16E-10
-0.019865	-1.04E-10
-0.019849	-1.29E-10
-0.019833	-9.9E-11
-0.019817	-1.04E-10
-0.019802	-8.8E-11
-0.019786	-1.15E-10
-0.01977	-9.8E-11
-0.019754	-1.23E-10
-0.019738	-1.27E-10
-0.019722	-1.44E-10
-0.019706	-1.69E-10
-0.01969	-1.62E-10
-0.019675	-1.88E-10
-0.019659	-1.59E-10
-0.019643	-1.69E-10
-0.019627	-1.5E-10
-0.019611	-1.64E-10
-0.019595	-1.38E-10
-0.019579	-1.57E-10
-0.019563	-1.49E-10
-0.019548	-1.72E-10
-0.019532	-1.37E-10
-0.019516	-1.36E-10
-0.0195	-1.16E-10
-0.019484	-1.16E-10
-0.019468	-1.35E-10
-0.019452	-1.3E-10
-0.019437	-1.68E-10
-0.019421	-1.58E-10
-0.019405	-1.82E-10
-0.019389	-1.74E-10
-0.019373	-1.94E-10
-0.019357	-1.62E-10
-0.019341	-1.66E-10
-0.019325	-1.4E-10
-0.01931	-1.26E-10
-0.019294	-1.29E-10
-0.019278	-1.12E-10
-0.019262	-1.38E-10
-0.019246	-1.21E-10
-0.01923	-1.4E-10
-0.019214	-1.32E-10
-0.019198	-1.57E-10
-0.019183	-1.26E-10
-0.019167	-1.32E-10
-0.019151	-1.16E-10
-0.019135	-1.11E-10
-0.019119	-1.16E-10
-0.019103	-9.8E-11
-0.019087	-1.2E-10
-0.019071	-9.9E-11
-0.019056	-1.15E-10
-0.01904	-1.09E-10
-0.019024	-1.41E-10
-0.019008	-1.2E-10
-0.018992	-1.36E-10
-0.018976	-1.27E-10
-0.01896	-1.57E-10
-0.018944	-1.35E-10
-0.018929	-1.49E-10
-0.018913	-1.37E-10
-0.018897	-1.37E-10
-0.018881	-1.47E-10
-0.018865	-1.25E-10
-0.018849	-1.32E-10
-0.018833	-9.4E-11
-0.018817	-9.7E-11
-0.018802	-8.3E-11
-0.018786	-1.12E-10
-0.01877	-9.8E-11
-0.018754	-1.19E-10
-0.018738	-1.17E-10
-0.018722	-1.25E-10
-0.018706	-1.43E-10
-0.01869	-1.34E-10
-0.018675	-1.61E-10
-0.018659	-1.38E-10
-0.018643	-1.51E-10
-0.018627	-1.4E-10
-0.018611	-1.61E-10
-0.018595	-1.34E-10
-0.018579	-1.44E-10
-0.018563	-1.34E-10
-0.018548	-1.6E-10
-0.018532	-1.35E-10
-0.018516	-1.43E-10
-0.0185	-1.26E-10
-0.018484	-1.29E-10
-0.018468	-1.49E-10
-0.018452	-1.49E-10
-0.018437	-1.87E-10
-0.018421	-1.8E-10
-0.018405	-2.07E-10
-0.018389	-2.03E-10
-0.018373	-2.18E-10
-0.018357	-1.78E-10
-0.018341	-1.78E-10
-0.018325	-1.56E-10
-0.01831	-1.44E-10
-0.018294	-1.43E-10
-0.018278	-1.19E-10
-0.018262	-1.31E-10
-0.018246	-9.9E-11
-0.01823	-1.1E-10
-0.018214	-1.09E-10
-0.018198	-1.43E-10
-0.018183	-1.27E-10
-0.018167	-1.45E-10
-0.018151	-1.4E-10
-0.018135	-1.5E-10
-0.018119	-1.75E-10
-0.018103	-1.7E-10
-0.018087	-1.88E-10
-0.018071	-1.5E-10
-0.018056	-1.39E-10
-0.01804	-1.01E-10
-0.018024	-1.07E-10
-0.018008	-7.7E-11
-0.017992	-9E-11
-0.017976	-8.4E-11
-0.01796	-1.08E-10
-0.017944	-8E-11
-0.017929	-8.5E-11
-0.017913	-7.2E-11
-0.017897	-7.5E-11
-0.017881	-9.5E-11
-0.017865	-9.1E-11
-0.017849	-1.27E-10
-0.017833	-1.21E-10
-0.017817	-1.43E-10
-0.017802	-1.38E-10
-0.017786	-1.62E-10
-0.01777	-1.35E-10
-0.017754	-1.39E-10
-0.017738	-1.23E-10
-0.017722	-1.22E-10
-0.017706	-1.3E-10
-0.01769	-1.03E-10
-0.017675	-1E-10
-0.017659	-6.2E-11
-0.017643	-7.4E-11
-0.017627	-7.4E-11
-0.017611	-1.09E-10
-0.017595	-9.6E-11
-0.017579	-1.12E-10
-0.017563	-1.04E-10
-0.017548	-1.26E-10
-0.017532	-9.7E-11
-0.017516	-9.7E-11
-0.0175	-6.7E-11
-0.017484	-5.6E-11
-0.017468	-6.2E-11
-0.017452	-4.6E-11
-0.017437	-6.3E-11
-0.017421	-4.3E-11
-0.017405	-6.2E-11
-0.017389	-5.3E-11
-0.017373	-8.3E-11
-0.017357	-7.9E-11
-0.017341	-1.14E-10
-0.017325	-1.23E-10
-0.01731	-1.38E-10
-0.017294	-1.6E-10
-0.017278	-1.45E-10
-0.017262	-1.46E-10
-0.017246	-9.8E-11
-0.01723	-8.3E-11
-0.017214	-5.3E-11
-0.017198	-6.4E-11
-0.017183	-4E-11
-0.017167	-6E-11
-0.017151	-6.1E-11
-0.017135	-6.6E-11
-0.017119	-8.3E-11
-0.017103	-7.6E-11
-0.017087	-1.05E-10
-0.017071	-9.4E-11
-0.017056	-1.16E-10
-0.01704	-1.15E-10
-0.017024	-1.47E-10
-0.017008	-1.26E-10
-0.016992	-1.32E-10
-0.016976	-1.11E-10
-0.01696	-1.19E-10
-0.016944	-8.4E-11
-0.016929	-8.7E-11
-0.016913	-6.9E-11
-0.016897	-6.2E-11
-0.016881	-7.1E-11
-0.016865	-6.4E-11
-0.016849	-9.4E-11
-0.016833	-8.8E-11
-0.016817	-1.18E-10
-0.016802	-1.22E-10
-0.016786	-1.51E-10
-0.01677	-1.29E-10
-0.016754	-1.34E-10
-0.016738	-1.14E-10
-0.016722	-1.04E-10
-0.016706	-1.08E-10
-0.01669	-9.1E-11
-0.016675	-1.05E-10
-0.016659	-7.6E-11
-0.016643	-7.6E-11
-0.016627	-4.7E-11
-0.016611	-5.1E-11
-0.016595	-2.4E-11
-0.016579	-3.6E-11
-0.016563	-2.6E-11
-0.016548	-5E-11
-0.016532	-3.2E-11
-0.016516	-4.7E-11
-0.0165	-3.5E-11
-0.016484	-3E-11
-0.016468	-3.2E-11
-0.016452	-1.2E-11
-0.016437	-2.7E-11
-0.016421	-4E-12
-0.016405	-1.8E-11
-0.016389	-1.5E-11
-0.016373	-4.4E-11
-0.016357	-2.8E-11
-0.016341	-3.9E-11
-0.016325	-2.3E-11
-0.01631	-1.7E-11
-0.016294	-2.5E-11
-0.016278	-1.6E-11
-0.016262	-4.1E-11
-0.016246	-2.7E-11
-0.01623	-3.6E-11
-0.016214	-2.1E-11
-0.016198	-4.5E-11
-0.016183	-3.5E-11
-0.016167	-5.7E-11
-0.016151	-5.1E-11
-0.016135	-4.6E-11
-0.016119	-4.7E-11
-0.016103	-3E-11
-0.016087	-4.8E-11
-0.016071	-2.8E-11
-0.016056	-4.2E-11
-0.01604	-4E-11
-0.016024	-7E-11
-0.016008	-6E-11
-0.015992	-7.5E-11
-0.015976	-5.4E-11
-0.01596	-6.1E-11
-0.015944	-3E-11
-0.015929	-3.5E-11
-0.015913	-2.1E-11
-0.015897	-1.2E-11
-0.015881	-1.2E-11
-0.015865	6E-12
-0.015849	-9E-12
-0.015833	1.3E-11
-0.015817	-1E-12
-0.015802	2E-12
-0.015786	-2.3E-11
-0.01577	-2E-12
-0.015754	-1.3E-11
-0.015738	-7E-12
-0.015722	-8E-12
-0.015706	-1.2E-11
-0.01569	1.1E-11
-0.015675	8E-12
-0.015659	4.7E-11
-0.015643	5.4E-11
-0.015627	7.7E-11
-0.015611	6.4E-11
-0.015595	8.4E-11
-0.015579	7.4E-11
-0.015563	8.8E-11
-0.015548	7.2E-11
-0.015532	9.2E-11
-0.015516	8.1E-11
-0.0155	9.4E-11
-0.015484	9.2E-11
-0.015468	7.6E-11
-0.015452	7.7E-11
-0.015437	5.3E-11
-0.015421	7.2E-11
-0.015405	6.3E-11
-0.015389	8.1E-11
-0.015373	7.1E-11
-0.015357	9.6E-11
-0.015341	9.1E-11
-0.015325	1.06E-10
-0.01531	1.1E-10
-0.015294	1.04E-10
-0.015278	1.13E-10
-0.015262	8.5E-11
-0.015246	9.2E-11
-0.01523	6.7E-11
-0.015214	6.1E-11
-0.015198	3.4E-11
-0.015183	5.8E-11
-0.015167	6E-11
-0.015151	8.4E-11
-0.015135	9.6E-11
-0.015119	9.6E-11
-0.015103	1.12E-10
-0.015087	9.9E-11
-0.015071	1.26E-10
-0.015056	1.21E-10
-0.01504	1.29E-10
-0.015024	9.6E-11
-0.015008	9.7E-11
-0.014992	6.6E-11
-0.014976	5.3E-11
-0.01496	5E-12
-0.014944	3E-12
-0.014929	-1.9E-11
-0.014913	-1.2E-11
-0.014897	-5E-12
-0.014881	1E-12
-0.014865	3.4E-11
-0.014849	4.3E-11
-0.014833	9E-11
-0.014817	1E-10
-0.014802	1.18E-10
-0.014786	9.6E-11
-0.01477	1.08E-10
-0.014754	9.4E-11
-0.014738	1.04E-10
-0.014722	9.9E-11
-0.014706	7.8E-11
-0.01469	7.3E-11
-0.014675	3.6E-11
-0.014659	3.8E-11
-0.014643	1.3E-11
-0.014627	2E-11
-0.014611	1.4E-11
-0.014595	5.2E-11
-0.014579	5.6E-11
-0.014563	7.3E-11
-0.014548	5.6E-11
-0.014532	7.6E-11
-0.014516	6.7E-11
-0.0145	8.3E-11
-0.014484	9.1E-11
-0.014468	9E-11
-0.014452	1E-10
-0.014437	7.3E-11
-0.014421	7.9E-11
-0.014405	5.6E-11
-0.014389	5.1E-11
-0.014373	1.8E-11
-0.014357	2.8E-11
-0.014341	2.2E-11
-0.014325	3.4E-11
-0.01431	3.1E-11
-0.014294	1.9E-11
-0.014278	2.7E-11
-0.014262	1E-11
-0.014246	3.7E-11
-0.01423	3.9E-11
-0.014214	5.6E-11
-0.014198	3.7E-11
-0.014183	5.5E-11
-0.014167	4.5E-11
-0.014151	5.6E-11
-0.014135	6.1E-11
-0.014119	5.5E-11
-0.014103	6.8E-11
-0.014087	5.6E-11
-0.014071	8.9E-11
-0.014056	9.9E-11
-0.01404	1.24E-10
-0.014024	1.14E-10
-0.014008	1.33E-10
-0.013992	1.2E-10
-0.013976	1.23E-10
-0.01396	9.8E-11
-0.013944	1.12E-10
-0.013929	1E-10
-0.013913	1.07E-10
-0.013897	1.02E-10
-0.013881	8.2E-11
-0.013865	8E-11
-0.013849	5.4E-11
-0.013833	8E-11
-0.013817	9.1E-11
-0.013802	1.2E-10
-0.013786	1.18E-10
-0.01377	1.46E-10
-0.013754	1.44E-10
-0.013738	1.62E-10
-0.013722	1.74E-10
-0.013706	1.77E-10
-0.01369	1.93E-10
-0.013675	1.75E-10
-0.013659	1.83E-10
-0.013643	1.55E-10
-0.013627	1.43E-10
-0.013611	1.07E-10
-0.013595	1.08E-10
-0.013579	8.5E-11
-0.013563	8.6E-11
-0.013548	7.1E-11
-0.013532	1E-10
-0.013516	1.07E-10
-0.0135	1.36E-10
-0.013484	1.53E-10
-0.013468	1.6E-10
-0.013452	1.77E-10
-0.013437	1.58E-10
-0.013421	1.66E-10
-0.013405	1.39E-10
-0.013389	1.23E-10
-0.013373	7.6E-11
-0.013357	6.6E-11
-0.013341	3E-11
-0.013325	2E-11
-0.01331	1.6E-11
-0.013294	1.2E-11
-0.013278	3.5E-11
-0.013262	3.8E-11
-0.013246	7.7E-11
-0.01323	9E-11
-0.013214	1.09E-10
-0.013198	9.5E-11
-0.013183	1.14E-10
-0.013167	1.04E-10
-0.013151	1.09E-10
-0.013135	1.06E-10
-0.013119	9.5E-11
-0.013103	1E-10
-0.013087	6.9E-11
-0.013071	6.2E-11
-0.013056	3.2E-11
-0.01304	3E-11
-0.013024	1.2E-11
-0.013008	3.5E-11
-0.012992	3.5E-11
-0.012976	5.3E-11
-0.01296	4E-11
-0.012944	6E-11
-0.012929	5.7E-11
-0.012913	7.3E-11
-0.012897	8.3E-11
-0.012881	8E-11
-0.012865	9E-11
-0.012849	7.4E-11
-0.012833	9.1E-11
-0.012817	7.6E-11
-0.012802	7.5E-11
-0.012786	4.8E-11
-0.01277	6E-11
-0.012754	5E-11
-0.012738	5.9E-11
-0.012722	6.1E-11
-0.012706	5.6E-11
-0.01269	7E-11
-0.012675	6E-11
-0.012659	7.9E-11
-0.012643	6.9E-11
-0.012627	7.4E-11
-0.012611	5.3E-11
-0.012595	6.5E-11
-0.012579	4.9E-11
-0.012563	4.8E-11
-0.012548	2.3E-11
-0.012532	3.8E-11
-0.012516	3.4E-11
-0.0125	5.7E-11
-0.012484	7.2E-11
-0.012468	7.6E-11
-0.012452	9E-11
-0.012437	7.7E-11
-0.012421	9.6E-11
-0.012405	8.6E-11
-0.012389	9E-11
-0.012373	7E-11
-0.012357	9E-11
-0.012341	8.6E-11
-0.012325	9.4E-11
-0.01231	9.4E-11
-0.012294	9E-11
-0.012278	1.03E-10
-0.012262	9E-11
-0.012246	1.1E-10
-0.01223	1.1E-10
-0.012214	1.32E-10
-0.012198	1.29E-10
-0.012183	1.53E-10
-0.012167	1.44E-10
-0.012151	1.53E-10
-0.012135	1.58E-10
-0.012119	1.56E-10
-0.012103	1.72E-10
-0.012087	1.64E-10
-0.012071	1.83E-10
-0.012056	1.7E-10
-0.01204	1.69E-10
-0.012024	1.42E-10
-0.012008	1.52E-10
-0.011992	1.42E-10
-0.011976	1.51E-10
-0.01196	1.47E-10
-0.011944	1.84E-10
-0.011929	1.94E-10
-0.011913	2.13E-10
-0.011897	2.25E-10
-0.011881	2.3E-10
-0.011865	2.54E-10
-0.011849	2.54E-10
-0.011833	2.8E-10
-0.011817	2.77E-10
-0.011802	2.82E-10
-0.011786	2.5E-10
-0.01177	2.43E-10
-0.011754	2.11E-10
-0.011738	2E-10
-0.011722	1.84E-10
-0.011706	1.68E-10
-0.01169	1.81E-10
-0.011675	1.81E-10
-0.011659	2.17E-10
-0.011643	2.29E-10
-0.011627	2.51E-10
-0.011611	2.39E-10
-0.011595	2.52E-10
-0.011579	2.41E-10
-0.011563	2.49E-10
-0.011548	2.37E-10
-0.011532	2.63E-10
-0.011516	2.64E-10
-0.0115	2.74E-10
-0.011484	2.69E-10
-0.011468	2.55E-10
-0.011452	2.52E-10
-0.011437	2.25E-10
-0.011421	2.33E-10
-0.011405	2.24E-10
-0.011389	2.34E-10
-0.011373	2.2E-10
-0.011357	2.39E-10
-0.011341	2.37E-10
-0.011325	2.5E-10
-0.01131	2.54E-10
-0.011294	2.53E-10
-0.011278	2.69E-10
-0.011262	2.58E-10
-0.011246	2.73E-10
-0.01123	2.65E-10
-0.011214	2.69E-10
-0.011198	2.48E-10
-0.011183	2.58E-10
-0.011167	2.48E-10
-0.011151	2.52E-10
-0.011135	2.47E-10
-0.011119	2.35E-10
-0.011103	2.38E-10
-0.011087	2.19E-10
-0.011071	2.31E-10
-0.011056	2.24E-10
-0.01104	2.3E-10
-0.011024	2.1E-10
-0.011008	2.2E-10
-0.010992	2.08E-10
-0.010976	2.07E-10
-0.01096	1.84E-10
-0.010944	1.93E-10
-0.010929	1.85E-10
-0.010913	1.96E-10
-0.010897	2.03E-10
-0.010881	2.1E-10
-0.010865	2.42E-10
-0.010849	2.53E-10
-0.010833	2.8E-10
-0.010817	2.67E-10
-0.010802	2.56E-10
-0.010786	2.14E-10
-0.01077	2.02E-10
-0.010754	1.76E-10
-0.010738	1.75E-10
-0.010722	1.74E-10
-0.010706	1.69E-10
-0.01069	1.76E-10
-0.010675	1.57E-10
-0.010659	1.67E-10
-0.010643	1.62E-10
-0.010627	1.76E-10
-0.010611	1.72E-10
-0.010595	1.94E-10
-0.010579	1.98E-10
-0.010563	2.26E-10
-0.010548	2.34E-10
-0.010532	2.66E-10
-0.010516	2.68E-10
-0.0105	2.77E-10
-0.010484	2.69E-10
-0.010468	2.48E-10
-0.010452	2.37E-10
-0.010437	2.06E-10
-0.010421	2.03E-10
-0.010405	1.78E-10
-0.010389	1.7E-10
-0.010373	1.48E-10
-0.010357	1.64E-10
-0.010341	1.69E-10
-0.010325	1.93E-10
-0.01031	2.09E-10
-0.010294	2.16E-10
-0.010278	2.32E-10
-0.010262	2.23E-10
-0.010246	2.38E-10
-0.01023	2.26E-10
-0.010214	2.24E-10
-0.010198	1.99E-10
-0.010183	1.95E-10
-0.010167	1.68E-10
-0.010151	1.55E-10
-0.010135	1.42E-10
-0.010119	1.29E-10
-0.010103	1.42E-10
-0.010087	1.42E-10
-0.010071	1.68E-10
-0.010056	1.77E-10
-0.01004	1.93E-10
-0.010024	1.82E-10
-0.010008	1.94E-10
-0.009992	1.77E-10
-0.009976	1.79E-10
-0.00996	1.59E-10
-0.009944	1.7E-10
-0.009929	1.71E-10
-0.009913	1.82E-10
-0.009897	1.8E-10
-0.009881	1.6E-10
-0.009865	1.52E-10
-0.009849	1.26E-10
-0.009833	1.44E-10
-0.009817	1.51E-10
-0.009802	1.57E-10
-0.009786	1.41E-10
-0.00977	1.5E-10
-0.009754	1.51E-10
-0.009738	1.74E-10
-0.009722	1.85E-10
-0.009706	1.96E-10
-0.00969	2.25E-10
-0.009675	2.31E-10
-0.009659	2.56E-10
-0.009643	2.55E-10
-0.009627	2.55E-10
-0.009611	2.36E-10
-0.009595	2.36E-10
-0.009579	2.1E-10
-0.009563	2.11E-10
-0.009548	2.01E-10
-0.009532	2.27E-10
-0.009516	2.27E-10
-0.0095	2.28E-10
-0.009484	2.37E-10
-0.009468	2.36E-10
-0.009452	2.44E-10
-0.009437	2.49E-10
-0.009421	2.85E-10
-0.009405	2.91E-10
-0.009389	2.81E-10
-0.009373	2.54E-10
-0.009357	2.56E-10
-0.009341	2.39E-10
-0.009325	2.4E-10
-0.00931	2.26E-10
-0.009294	2.06E-10
-0.009278	2.28E-10
-0.009262	2.39E-10
-0.009246	2.63E-10
-0.00923	2.6E-10
-0.009214	2.6E-10
-0.009198	2.46E-10
-0.009183	2.5E-10
-0.009167	2.46E-10
-0.009151	2.7E-10
-0.009135	2.82E-10
-0.009119	2.77E-10
-0.009103	2.74E-10
-0.009087	2.53E-10
-0.009071	2.59E-10
-0.009056	2.46E-10
-0.00904	2.52E-10
-0.009024	2.39E-10
-0.009008	2.56E-10
-0.008992	2.71E-10
-0.008976	2.95E-10
-0.00896	2.89E-10
-0.008944	2.99E-10
-0.008929	2.88E-10
-0.008913	2.95E-10
-0.008897	2.85E-10
-0.008881	2.58E-10
-0.008865	2.52E-10
-0.008849	2.39E-10
-0.008833	2.45E-10
-0.008817	2.24E-10
-0.008802	2.23E-10
-0.008786	2.09E-10
-0.00877	2.23E-10
-0.008754	2.24E-10
-0.008738	2.4E-10
-0.008722	2.51E-10
-0.008706	2.44E-10
-0.00869	2.44E-10
-0.008675	2.3E-10
-0.008659	2.51E-10
-0.008643	2.55E-10
-0.008627	2.61E-10
-0.008611	2.39E-10
-0.008595	2.29E-10
-0.008579	1.96E-10
-0.008563	1.83E-10
-0.008548	1.49E-10
-0.008532	1.41E-10
-0.008516	1.45E-10
-0.0085	1.77E-10
-0.008484	1.96E-10
-0.008468	2.22E-10
-0.008452	2.49E-10
-0.008437	2.43E-10
-0.008421	2.44E-10
-0.008405	2.18E-10
-0.008389	2.18E-10
-0.008373	2.08E-10
-0.008357	2.24E-10
-0.008341	2.26E-10
-0.008325	2.32E-10
-0.00831	2.19E-10
-0.008294	1.88E-10
-0.008278	1.71E-10
-0.008262	1.55E-10
-0.008246	1.67E-10
-0.00823	1.61E-10
-0.008214	1.72E-10
-0.008198	1.6E-10
-0.008183	1.81E-10
-0.008167	2.02E-10
-0.008151	2.31E-10
-0.008135	2.43E-10
-0.008119	2.44E-10
-0.008103	2.6E-10
-0.008087	2.43E-10
-0.008071	2.44E-10
-0.008056	2.41E-10
-0.00804	2.39E-10
-0.008024	2.09E-10
-0.008008	2.07E-10
-0.007992	1.86E-10
-0.007976	1.71E-10
-0.00796	1.43E-10
-0.007944	1.55E-10
-0.007929	1.79E-10
-0.007913	2.07E-10
-0.007897	2.18E-10
-0.007881	2.22E-10
-0.007865	2.35E-10
-0.007849	2.41E-10
-0.007833	2.72E-10
-0.007817	2.83E-10
-0.007802	2.97E-10
-0.007786	2.78E-10
-0.00777	2.59E-10
-0.007754	2.2E-10
-0.007738	2.09E-10
-0.007722	2.06E-10
-0.007706	2.05E-10
-0.00769	2.25E-10
-0.007675	2.34E-10
-0.007659	2.65E-10
-0.007643	2.67E-10
-0.007627	2.67E-10
-0.007611	2.52E-10
-0.007595	2.59E-10
-0.007579	2.5E-10
-0.007563	2.6E-10
-0.007548	2.56E-10
-0.007532	2.64E-10
-0.007516	2.54E-10
-0.0075	2.54E-10
-0.007484	2.57E-10
-0.007468	2.55E-10
-0.007452	2.44E-10
-0.007437	2.07E-10
-0.007421	2.05E-10
-0.007405	2.02E-10
-0.007389	2.14E-10
-0.007373	2.13E-10
-0.007357	2.32E-10
-0.007341	2.51E-10
-0.007325	2.74E-10
-0.00731	2.75E-10
-0.007294	2.67E-10
-0.007278	2.63E-10
-0.007262	2.33E-10
-0.007246	2.23E-10
-0.00723	2.02E-10
-0.007214	1.95E-10
-0.007198	1.78E-10
-0.007183	1.94E-10
-0.007167	2.13E-10
-0.007151	2.41E-10
-0.007135	2.67E-10
-0.007119	2.86E-10
-0.007103	3.01E-10
-0.007087	3.03E-10
-0.007071	3.14E-10
-0.007056	3.05E-10
-0.00704	3.02E-10
-0.007024	2.7E-10
-0.007008	2.63E-10
-0.006992	2.47E-10
-0.006976	2.42E-10
-0.00696	2.18E-10
-0.006944	2.08E-10
-0.006929	1.86E-10
-0.006913	1.81E-10
-0.006897	1.97E-10
-0.006881	2.16E-10
-0.006865	2.46E-10
-0.006849	2.54E-10
-0.006833	2.65E-10
-0.006817	2.72E-10
-0.006802	2.78E-10
-0.006786	2.56E-10
-0.00677	2.56E-10
-0.006754	2.53E-10
-0.006738	2.7E-10
-0.006722	2.77E-10
-0.006706	2.65E-10
-0.00669	2.51E-10
-0.006675	2.28E-10
-0.006659	2.22E-10
-0.006643	2.06E-10
-0.006627	2.09E-10
-0.006611	2.05E-10
-0.006595	2.28E-10
-0.006579	2.33E-10
-0.006563	2.38E-10
-0.006548	2.42E-10
-0.006532	2.61E-10
-0.006516	2.55E-10
-0.0065	2.67E-10
-0.006484	2.77E-10
-0.006468	2.79E-10
-0.006452	2.91E-10
-0.006437	2.84E-10
-0.006421	2.87E-10
-0.006405	2.63E-10
-0.006389	2.48E-10
-0.006373	2.49E-10
-0.006357	2.72E-10
-0.006341	2.66E-10
-0.006325	2.65E-10
-0.00631	2.55E-10
-0.006294	2.35E-10
-0.006278	2.28E-10
-0.006262	2.2E-10
-0.006246	2.38E-10
-0.00623	2.4E-10
-0.006214	2.38E-10
-0.006198	2.24E-10
-0.006183	2.34E-10
-0.006167	2.14E-10
-0.006151	1.97E-10
-0.006135	1.89E-10
-0.006119	1.78E-10
-0.006103	1.79E-10
-0.006087	1.82E-10
-0.006071	1.93E-10
-0.006056	1.84E-10
-0.00604	1.79E-10
-0.006024	1.67E-10
-0.006008	1.6E-10
-0.005992	1.34E-10
-0.005976	1.41E-10
-0.00596	1.39E-10
-0.005944	1.55E-10
-0.005929	1.57E-10
-0.005913	1.51E-10
-0.005897	1.4E-10
-0.005881	1.24E-10
-0.005865	1.06E-10
-0.005849	7.9E-11
-0.005833	8.7E-11
-0.005817	9.6E-11
-0.005802	1.15E-10
-0.005786	1.11E-10
-0.00577	1.26E-10
-0.005754	1.39E-10
-0.005738	1.61E-10
-0.005722	1.67E-10
-0.005706	1.63E-10
-0.00569	1.65E-10
-0.005675	1.45E-10
-0.005659	1.39E-10
-0.005643	1.2E-10
-0.005627	1.18E-10
-0.005611	1.13E-10
-0.005595	1.15E-10
-0.005579	1.05E-10
-0.005563	1.07E-10
-0.005548	1.05E-10
-0.005532	1.4E-10
-0.005516	1.6E-10
-0.0055	1.72E-10
-0.005484	1.84E-10
-0.005468	1.94E-10
-0.005452	2E-10
-0.005437	1.87E-10
-0.005421	1.92E-10
-0.005405	1.82E-10
-0.005389	1.57E-10
-0.005373	1.28E-10
-0.005357	1.3E-10
-0.005341	1.24E-10
-0.005325	1.4E-10
-0.00531	1.58E-10
-0.005294	1.69E-10
-0.005278	1.88E-10
-0.005262	1.98E-10
-0.005246	2.19E-10
-0.00523	2.3E-10
-0.005214	2.4E-10
-0.005198	2.26E-10
-0.005183	2.19E-10
-0.005167	1.96E-10
-0.005151	1.91E-10
-0.005135	1.87E-10
-0.005119	1.56E-10
-0.005103	1.27E-10
-0.005087	1.08E-10
-0.005071	1.05E-10
-0.005056	1.02E-10
-0.00504	1.17E-10
-0.005024	1.25E-10
-0.005008	1.42E-10
-0.004992	1.44E-10
-0.004976	1.6E-10
-0.00496	1.61E-10
-0.004944	1.63E-10
-0.004929	1.57E-10
-0.004913	1.65E-10
-0.004897	1.63E-10
-0.004881	1.38E-10
-0.004865	1.16E-10
-0.004849	1.03E-10
-0.004833	1.05E-10
-0.004817	1.01E-10
-0.004802	1.09E-10
-0.004786	9.7E-11
-0.00477	9.3E-11
-0.004754	8.9E-11
-0.004738	1.02E-10
-0.004722	1.07E-10
-0.004706	1.06E-10
-0.00469	1.19E-10
-0.004675	1.25E-10
-0.004659	1.4E-10
-0.004643	1.39E-10
-0.004627	1.44E-10
-0.004611	1.33E-10
-0.004595	1.23E-10
-0.004579	1.04E-10
-0.004563	1.01E-10
-0.004548	9.2E-11
-0.004532	9.1E-11
-0.004516	7.4E-11
-0.0045	6.8E-11
-0.004484	7.8E-11
-0.004468	9.5E-11
-0.004452	1.16E-10
-0.004437	1.2E-10
-0.004421	1.3E-10
-0.004405	1.31E-10
-0.004389	1.32E-10
-0.004373	1.14E-10
-0.004357	1.25E-10
-0.004341	1.43E-10
-0.004325	1.59E-10
-0.00431	1.65E-10
-0.004294	1.64E-10
-0.004278	1.48E-10
-0.004262	1.13E-10
-0.004246	1.11E-10
-0.00423	1.12E-10
-0.004214	1.1E-10
-0.004198	9.7E-11
-0.004183	9.2E-11
-0.004167	8.4E-11
-0.004151	1.02E-10
-0.004135	1.1E-10
-0.004119	1.1E-10
-0.004103	1.2E-10
-0.004087	1.12E-10
-0.004071	1.13E-10
-0.004056	9.2E-11
-0.00404	7.2E-11
-0.004024	5.1E-11
-0.004008	4.8E-11
-0.003992	4.6E-11
-0.003976	5.3E-11
-0.00396	4.9E-11
-0.003944	6.4E-11
-0.003929	7.3E-11
-0.003913	8.1E-11
-0.003897	7.6E-11
-0.003881	7.7E-11
-0.003865	9.8E-11
-0.003849	1.04E-10
-0.003833	1.21E-10
-0.003817	1.27E-10
-0.003802	1.2E-10
-0.003786	9.5E-11
-0.00377	8.2E-11
-0.003754	5.8E-11
-0.003738	5E-11
-0.003722	5.6E-11
-0.003706	5.9E-11
-0.00369	7.1E-11
-0.003675	8.9E-11
-0.003659	1.08E-10
-0.003643	1.12E-10
-0.003627	1.22E-10
-0.003611	1.29E-10
-0.003595	1.52E-10
-0.003579	1.58E-10
-0.003563	1.61E-10
-0.003548	1.59E-10
-0.003532	1.75E-10
-0.003516	1.76E-10
-0.0035	1.66E-10
-0.003484	1.55E-10
-0.003468	1.38E-10
-0.003452	1.21E-10
-0.003437	9.8E-11
-0.003421	9.9E-11
-0.003405	1.08E-10
-0.003389	1.19E-10
-0.003373	1.16E-10
-0.003357	1.17E-10
-0.003341	1.13E-10
-0.003325	1.14E-10
-0.00331	1.08E-10
-0.003294	9.8E-11
-0.003278	8E-11
-0.003262	5E-11
-0.003246	3.8E-11
-0.00323	3.1E-11
-0.003214	2.9E-11
-0.003198	1.1E-11
-0.003183	1E-11
-0.003167	1.1E-11
-0.003151	1.8E-11
-0.003135	3.4E-11
-0.003119	3.9E-11
-0.003103	4.2E-11
-0.003087	4.2E-11
-0.003071	3.4E-11
-0.003056	1.6E-11
-0.00304	-2E-12
-0.003024	-2.3E-11
-0.003008	-2.8E-11
-0.002992	-4.4E-11
-0.002976	-5.9E-11
-0.00296	-7.2E-11
-0.002944	-6.5E-11
-0.002929	-6E-11
-0.002913	-5.2E-11
-0.002897	-5.3E-11
-0.002881	-4.2E-11
-0.002865	-2E-11
-0.002849	-1.9E-11
-0.002833	-1.4E-11
-0.002817	-1.9E-11
-0.002802	-1.9E-11
-0.002786	-2.5E-11
-0.00277	-2.6E-11
-0.002754	-3.3E-11
-0.002738	-3.3E-11
-0.002722	-3.5E-11
-0.002706	-5.1E-11
-0.00269	-6.1E-11
-0.002675	-7E-11
-0.002659	-7.4E-11
-0.002643	-8.1E-11
-0.002627	-7.4E-11
-0.002611	-7E-11
-0.002595	-5.5E-11
-0.002579	-4.3E-11
-0.002563	-2.7E-11
-0.002548	-2E-11
-0.002532	-6E-12
-0.002516	5E-12
-0.0025	1.4E-11
-0.002484	2.1E-11
-0.002468	1.9E-11
-0.002452	6E-12
-0.002437	-1.6E-11
-0.002421	-1.5E-11
-0.002405	-9E-12
-0.002389	-2E-12
-0.002373	-1E-12
-0.002357	-1E-12
-0.002341	-1.6E-11
-0.002325	-2.3E-11
-0.00231	-2.7E-11
-0.002294	-2.8E-11
-0.002278	-2.1E-11
-0.002262	-2.7E-11
-0.002246	-2.8E-11
-0.00223	-3.2E-11
-0.002214	-2.8E-11
-0.002198	-2.1E-11
-0.002183	-1.5E-11
-0.002167	-3.3E-11
-0.002151	-4.2E-11
-0.002135	-5.1E-11
-0.002119	-6.2E-11
-0.002103	-5.5E-11
-0.002087	-4.1E-11
-0.002071	-2.5E-11
-0.002056	-2E-11
-0.00204	-1.3E-11
-0.002024	-1.6E-11
-0.002008	-2.2E-11
-0.001992	-3.7E-11
-0.001976	-4.7E-11
-0.00196	-5.1E-11
-0.001944	-3.8E-11
-0.001929	-3E-11
-0.001913	-3.8E-11
-0.001897	-4.6E-11
-0.001881	-4.1E-11
-0.001865	-3.5E-11
-0.001849	-3.2E-11
-0.001833	-2.3E-11
-0.001817	-2.2E-11
-0.001802	-1.6E-11
-0.001786	-4E-12
-0.00177	2.3E-11
-0.001754	3.8E-11
-0.001738	3.4E-11
-0.001722	1.9E-11
-0.001706	-1E-12
-0.00169	-4E-12
-0.001675	-9E-12
-0.001659	-1.9E-11
-0.001643	-3.5E-11
-0.001627	-4.4E-11
-0.001611	-5.1E-11
-0.001595	-6.1E-11
-0.001579	-6.2E-11
-0.001563	-3.4E-11
-0.001548	-2E-11
-0.001532	-2.8E-11
-0.001516	-3.3E-11
-0.0015	-2.1E-11
-0.001484	-1.4E-11
-0.001468	-1.9E-11
-0.001452	-1.7E-11
-0.001437	-1.7E-11
-0.001421	-2.8E-11
-0.001405	-5.4E-11
-0.001389	-7.3E-11
-0.001373	-9.2E-11
-0.001357	-1.09E-10
-0.001341	-1.11E-10
-0.001325	-9.5E-11
-0.00131	-8.4E-11
-0.001294	-8.5E-11
-0.001278	-7.8E-11
-0.001262	-7E-11
-0.001246	-5.5E-11
-0.00123	-3.5E-11
-0.001214	-1.8E-11
-0.001198	-9E-12
-0.001183	1E-11
-0.001167	2.2E-11
-0.001151	2.9E-11
-0.001135	3.6E-11
-0.001119	4.3E-11
-0.001103	4.2E-11
-0.001087	1.8E-11
-0.001071	-5E-12
-0.001056	-2.8E-11
-0.00104	-4.4E-11
-0.001024	-4.5E-11
-0.001008	-3.3E-11
-0.000992	-2.4E-11
-0.000976	-2E-12
-0.00096	3.9E-11
-0.000944	6.7E-11
-0.000929	5.8E-11
-0.000913	4E-11
-0.000897	3.7E-11
-0.000881	3.9E-11
-0.000865	1.5E-11
-0.000849	-3E-11
-0.000833	-4.5E-11
-0.000817	-3.6E-11
-0.000802	-1E-11
-0.000786	1.1E-11
-0.00077	2.2E-11
-0.000754	3.4E-11
-0.000738	3.6E-11
-0.000722	2.9E-11
-0.000706	2E-11
-0.00069	6E-12
-0.000675	-1.5E-11
-0.000659	-3E-11
-0.000643	-2.7E-11
-0.000627	-3.4E-11
-0.000611	-6.3E-11
-0.000595	-8.3E-11
-0.000579	-8.7E-11
-0.000563	-8.3E-11
-0.000548	-7E-11
-0.000532	-4.7E-11
-0.000516	-3E-11
-0.0005	-1.9E-11
-0.000484	-1.4E-11
-0.000468	-6E-12
-0.000452	-1E-11
-0.000437	-2.8E-11
-0.000421	-4.1E-11
-0.000405	-5.7E-11
-0.000389	-6.3E-11
-0.000373	-6.3E-11
-0.000357	-7.2E-11
-0.000341	-8.3E-11
-0.000325	-9.3E-11
-0.00031	-1.09E-10
-0.000294	-1.31E-10
-0.000278	-1.46E-10
-0.000262	-1.55E-10
-0.000246	-1.53E-10
-0.00023	-1.33E-10
-0.000214	-1.1E-10
-0.000198	-9.3E-11
-0.000183	-8.3E-11
-0.000167	-7.3E-11
-0.000151	-6.2E-11
-0.000135	-5.9E-11
-0.000119	-6.7E-11
-0.000103	-6.5E-11
-0.000087	-7.7E-11
-0.000071	-1.07E-10
-0.000056	-1.28E-10
-0.00004	-1.49E-10
-0.000024	-1.62E-10
-0.000008	-1.65E-10
0.000008	-1.6E-10
0.000024	-1.43E-10
0.00004	-1.29E-10
0.000056	-1.31E-10
0.000071	-1.41E-10
0.000087	-1.49E-10
0.000103	-1.5E-10
0.000119	-1.57E-10
0.000135	-1.68E-10
0.000151	-1.72E-10
0.000167	-1.72E-10
0.000183	-1.71E-10
0.000198	-1.72E-10
0.000214	-1.85E-10
0.00023	-2.07E-10
0.000246	-2.26E-10
0.000262	-2.26E-10
0.000278	-2.09E-10
0.000294	-1.93E-10
0.00031	-1.82E-10
0.000325	-1.81E-10
0.000341	-1.81E-10
0.000357	-1.75E-10
0.000373	-1.81E-10
0.000389	-1.96E-10
0.000405	-2.13E-10
0.000421	-2E-10
0.000437	-1.76E-10
0.000452	-1.59E-10
0.000468	-1.4E-10
0.000484	-1.29E-10
0.0005	-1.4E-10
0.000516	-1.58E-10
0.000532	-1.7E-10
0.000548	-1.79E-10
0.000563	-1.83E-10
0.000579	-1.83E-10
0.000595	-1.86E-10
0.000611	-1.94E-10
0.000627	-1.83E-10
0.000643	-1.57E-10
0.000659	-1.35E-10
0.000675	-1.31E-10
0.00069	-1.45E-10
0.000706	-1.71E-10
0.000722	-1.92E-10
0.000738	-2.03E-10
0.000754	-2.17E-10
0.00077	-2.22E-10
0.000786	-2.18E-10
0.000802	-2.09E-10
0.000817	-2.01E-10
0.000833	-1.87E-10
0.000849	-1.67E-10
0.000865	-1.44E-10
0.000881	-1.27E-10
0.000897	-1.18E-10
0.000913	-1.13E-10
0.000929	-1.3E-10
0.000944	-1.55E-10
0.00096	-1.83E-10
0.000976	-2.13E-10
0.000992	-2.41E-10
0.001008	-2.71E-10
0.001024	-3.05E-10
0.00104	-3.1E-10
0.001056	-2.86E-10
0.001071	-2.64E-10
0.001087	-2.61E-10
0.001103	-2.57E-10
0.001119	-2.56E-10
0.001135	-2.58E-10
0.001151	-2.26E-10
0.001167	-1.82E-10
0.001183	-1.56E-10
0.001198	-1.56E-10
0.001214	-1.62E-10
0.00123	-1.68E-10
0.001246	-1.87E-10
0.001262	-2.27E-10
0.001278	-2.53E-10
0.001294	-2.68E-10
0.00131	-2.81E-10
0.001325	-2.9E-10
0.001341	-2.99E-10
0.001357	-2.96E-10
0.001373	-2.87E-10
0.001389	-2.79E-10
0.001405	-2.83E-10
0.001421	-2.84E-10
0.001437	-2.85E-10
0.001452	-2.82E-10
0.001468	-2.79E-10
0.001484	-2.59E-10
0.0015	-2.46E-10
0.001516	-2.4E-10
0.001532	-2.1E-10
0.001548	-1.95E-10
0.001563	-2.04E-10
0.001579	-2.15E-10
0.001595	-2.25E-10
0.001611	-2.59E-10
0.001627	-3.02E-10
0.001643	-3.26E-10
0.001659	-3.17E-10
0.001675	-2.93E-10
0.00169	-2.71E-10
0.001706	-2.53E-10
0.001722	-2.34E-10
0.001738	-2.22E-10
0.001754	-2.18E-10
0.00177	-2.21E-10
0.001786	-2.45E-10
0.001802	-2.61E-10
0.001817	-2.71E-10
0.001833	-2.67E-10
0.001849	-2.64E-10
0.001865	-2.64E-10
0.001881	-2.55E-10
0.001897	-2.51E-10
0.001913	-2.53E-10
0.001929	-2.64E-10
0.001944	-2.67E-10
0.00196	-2.68E-10
0.001976	-2.8E-10
0.001992	-3.06E-10
0.002008	-3.09E-10
0.002024	-3.02E-10
0.00204	-2.9E-10
0.002056	-2.89E-10
0.002071	-2.81E-10
0.002087	-2.74E-10
0.002103	-2.88E-10
0.002119	-3.22E-10
0.002135	-3.52E-10
0.002151	-3.63E-10
0.002167	-3.71E-10
0.002183	-3.58E-10
0.002198	-3.41E-10
0.002214	-3.31E-10
0.00223	-3.34E-10
0.002246	-3.27E-10
0.002262	-3.23E-10
0.002278	-3.29E-10
0.002294	-3.36E-10
0.00231	-3.46E-10
0.002325	-3.48E-10
0.002341	-3.59E-10
0.002357	-3.71E-10
0.002373	-3.95E-10
0.002389	-4.18E-10
0.002405	-4.32E-10
0.002421	-4.23E-10
0.002437	-4.15E-10
0.002452	-4.05E-10
0.002468	-3.92E-10
0.002484	-3.6E-10
0.0025	-3.32E-10
0.002516	-3.01E-10
0.002532	-2.92E-10
0.002548	-3.14E-10
0.002563	-3.26E-10
0.002579	-3.58E-10
0.002595	-3.94E-10
0.002611	-4.16E-10
0.002627	-4.25E-10
0.002643	-4.31E-10
0.002659	-4.14E-10
0.002675	-3.99E-10
0.00269	-3.87E-10
0.002706	-3.72E-10
0.002722	-3.59E-10
0.002738	-3.57E-10
0.002754	-3.62E-10
0.00277	-3.39E-10
0.002786	-3.15E-10
0.002802	-2.85E-10
0.002817	-2.72E-10
0.002833	-2.7E-10
0.002849	-2.87E-10
0.002865	-2.95E-10
0.002881	-2.92E-10
0.002897	-2.92E-10
0.002913	-2.91E-10
0.002929	-3E-10
0.002944	-3.04E-10
0.00296	-3.22E-10
0.002976	-3.19E-10
0.002992	-3.08E-10
0.003008	-2.94E-10
0.003024	-2.82E-10
0.00304	-2.57E-10
0.003056	-2.41E-10
0.003071	-2.3E-10
0.003087	-2.25E-10
0.003103	-2.13E-10
0.003119	-2.12E-10
0.003135	-2.24E-10
0.003151	-2.28E-10
0.003167	-2.32E-10
0.003183	-2.18E-10
0.003198	-1.99E-10
0.003214	-1.75E-10
0.00323	-1.73E-10
0.003246	-1.72E-10
0.003262	-1.72E-10
0.003278	-1.73E-10
0.003294	-1.69E-10
0.00331	-1.56E-10
0.003325	-1.31E-10
0.003341	-1.19E-10
0.003357	-1.15E-10
0.003373	-1.33E-10
0.003389	-1.53E-10
0.003405	-1.81E-10
0.003421	-1.85E-10
0.003437	-1.83E-10
0.003452	-1.71E-10
0.003468	-1.68E-10
0.003484	-1.57E-10
0.0035	-1.52E-10
0.003516	-1.5E-10
0.003532	-1.48E-10
0.003548	-1.6E-10
0.003563	-1.78E-10
0.003579	-2.08E-10
0.003595	-2.21E-10
0.003611	-2.3E-10
0.003627	-2.29E-10
0.003643	-2.34E-10
0.003659	-2.18E-10
0.003675	-2.12E-10
0.00369	-2.08E-10
0.003706	-1.92E-10
0.003722	-1.89E-10
0.003738	-1.7E-10
0.003754	-1.48E-10
0.00377	-1.23E-10
0.003786	-1.25E-10
0.003802	-1.48E-10
0.003817	-1.89E-10
0.003833	-2.17E-10
0.003849	-2.37E-10
0.003865	-2.16E-10
0.003881	-1.77E-10
0.003897	-1.53E-10
0.003913	-1.38E-10
0.003929	-1.62E-10
0.003944	-1.93E-10
0.00396	-2.22E-10
0.003976	-2.21E-10
0.003992	-2.02E-10
0.004008	-1.41E-10
0.004024	-8.4E-11
0.00404	-4.3E-11
0.004056	-4.1E-11
0.004071	-5.2E-11
0.004087	-9.1E-11
0.004103	-1.19E-10
0.004119	-1.21E-10
0.004135	-1.17E-10
0.004151	-1.09E-10
0.004167	-1.16E-10
0.004183	-1.24E-10
0.004198	-1.57E-10
0.004214	-1.69E-10
0.00423	-1.82E-10
0.004246	-1.73E-10
0.004262	-1.53E-10
0.004278	-1.17E-10
0.004294	-7.2E-11
0.00431	-4E-11
0.004325	-1.1E-11
0.004341	4E-12
0.004357	6E-12
0.004373	-2.2E-11
0.004389	-3.7E-11
0.004405	-6.2E-11
0.004421	-6.8E-11
0.004437	-7.3E-11
0.004452	-7.1E-11
0.004468	-7.5E-11
0.004484	-6.4E-11
0.0045	-6.7E-11
0.004516	-5.6E-11
0.004532	-4E-11
0.004548	-3.6E-11
0.004563	-2.4E-11
0.004579	-2.8E-11
0.004595	-3.4E-11
0.004611	-4.4E-11
0.004627	-1.5E-11
0.004643	4E-12
0.004659	2.7E-11
0.004675	3.1E-11
0.00469	2.2E-11
0.004706	1.1E-11
0.004722	7E-12
0.004738	2E-11
0.004754	7E-12
0.00477	-2E-12
0.004786	-8E-12
0.004802	-8E-12
0.004817	-2.5E-11
0.004833	-1.2E-11
0.004849	0
0.004865	2.2E-11
0.004881	4.3E-11
0.004897	5.5E-11
0.004913	7.9E-11
0.004929	8.6E-11
0.004944	9E-11
0.00496	5.4E-11
0.004976	3.2E-11
0.004992	2.2E-11
0.005008	4.4E-11
0.005024	7.4E-11
0.00504	1.1E-10
0.005056	1.15E-10
0.005071	1.26E-10
0.005087	1.14E-10
0.005103	9.8E-11
0.005119	9.4E-11
0.005135	9.5E-11
0.005151	1.3E-10
0.005167	1.53E-10
0.005183	1.78E-10
0.005198	1.75E-10
0.005214	1.58E-10
0.00523	1.05E-10
0.005246	6.2E-11
0.005262	3.9E-11
0.005278	4.2E-11
0.005294	6.2E-11
0.00531	8.7E-11
0.005325	1.14E-10
0.005341	1.25E-10
0.005357	1.6E-10
0.005373	1.82E-10
0.005389	2.11E-10
0.005405	2.26E-10
0.005421	2.46E-10
0.005437	2.41E-10
0.005452	2.26E-10
0.005468	2.02E-10
0.005484	1.67E-10
0.0055	1.43E-10
0.005516	1.03E-10
0.005532	7.8E-11
0.005548	5.8E-11
0.005563	8.1E-11
0.005579	9.7E-11
0.005595	1.16E-10
0.005611	1.33E-10
0.005627	1.77E-10
0.005643	1.97E-10
0.005659	2.12E-10
0.005675	2E-10
0.00569	1.85E-10
0.005706	1.82E-10
0.005722	1.92E-10
0.005738	2.45E-10
0.005754	2.79E-10
0.00577	2.8E-10
0.005786	2.42E-10
0.005802	2.1E-10
0.005817	1.5E-10
0.005833	1.17E-10
0.005849	9.3E-11
0.005865	8.7E-11
0.005881	1.05E-10
0.005897	1.33E-10
0.005913	1.89E-10
0.005929	2.14E-10
0.005944	2.38E-10
0.00596	2.32E-10
0.005976	2.36E-10
0.005992	2.26E-10
0.006008	2.19E-10
0.006024	2.07E-10
0.00604	2.17E-10
0.006056	2.03E-10
0.006071	2.07E-10
0.006087	2.18E-10
0.006103	2.16E-10
0.006119	1.83E-10
0.006135	1.36E-10
0.006151	1.21E-10
0.006167	1.12E-10
0.006183	1.26E-10
0.006198	1.16E-10
0.006214	1.02E-10
0.00623	7E-11
0.006246	7.2E-11
0.006262	9.5E-11
0.006278	1.29E-10
0.006294	1.68E-10
0.00631	1.89E-10
0.006325	1.9E-10
0.006341	1.59E-10
0.006357	1.51E-10
0.006373	1.23E-10
0.006389	1.09E-10
0.006405	8.3E-11
0.006421	8.7E-11
0.006437	1.12E-10
0.006452	1.61E-10
0.006468	2.01E-10
0.006484	1.81E-10
0.0065	1.34E-10
0.006516	7E-11
0.006532	3.5E-11
0.006548	-4E-12
0.006563	-9E-12
0.006579	-8E-12
0.006595	2E-11
0.006611	1E-11
0.006627	-6E-12
0.006643	-1.8E-11
0.006659	-2E-12
0.006675	5E-12
0.00669	1.8E-11
0.006706	4.4E-11
0.006722	5.4E-11
0.006738	5.4E-11
0.006754	3.6E-11
0.00677	3.7E-11
0.006786	1.7E-11
0.006802	1.2E-11
0.006817	1E-12
0.006833	2.1E-11
0.006849	1.6E-11
0.006865	-1E-12
0.006881	-1.8E-11
0.006897	-6.4E-11
0.006913	-1.03E-10
0.006929	-1.35E-10
0.006944	-1.14E-10
0.00696	-8.2E-11
0.006976	-2.4E-11
0.006992	1.2E-11
0.007008	5.1E-11
0.007024	4.9E-11
0.00704	4.9E-11
0.007056	2.5E-11
0.007071	2.3E-11
0.007087	3E-11
0.007103	4.3E-11
0.007119	4.8E-11
0.007135	3.6E-11
0.007151	2.2E-11
0.007167	-3E-11
0.007183	-6.6E-11
0.007198	-9.4E-11
0.007214	-8E-11
0.00723	-7E-11
0.007246	-4.4E-11
0.007262	-4.1E-11
0.007278	-2.9E-11
0.007294	-1.1E-11
0.00731	-5E-12
0.007325	1.2E-11
0.007341	1.1E-11
0.007357	2.4E-11
0.007373	5E-12
0.007389	4E-12
0.007405	-2.5E-11
0.007421	-3.4E-11
0.007437	-3.4E-11
0.007452	-1.4E-11
0.007468	1.9E-11
0.007484	3.9E-11
0.0075	5.8E-11
0.007516	3.6E-11
0.007532	2.1E-11
0.007548	-6E-12
0.007563	-1E-11
0.007579	-3.6E-11
0.007595	-4.2E-11
0.007611	-5.3E-11
0.007627	-3.5E-11
0.007643	-2.4E-11
0.007659	1.6E-11
0.007675	4.6E-11
0.00769	6.1E-11
0.007706	6.4E-11
0.007722	6E-11
0.007738	8.2E-11
0.007754	8E-11
0.00777	8.3E-11
0.007786	4.8E-11
0.007802	2E-11
0.007817	-9E-12
0.007833	-2E-12
0.007849	9E-12
0.007865	3.7E-11
0.007881	4.4E-11
0.007897	1.7E-11
0.007913	5E-12
0.007929	-2.6E-11
0.007944	-6E-12
0.00796	2.3E-11
0.007976	6.5E-11
0.007992	9.1E-11
0.008008	1.3E-10
0.008024	1.49E-10
0.00804	1.84E-10
0.008056	1.64E-10
0.008071	1.34E-10
0.008087	8.3E-11
0.008103	5.4E-11
0.008119	6.7E-11
0.008135	9.2E-11
0.008151	1.28E-10
0.008167	1.14E-10
0.008183	1.01E-10
0.008198	7.9E-11
0.008214	9.1E-11
0.00823	1.08E-10
0.008246	1.49E-10
0.008262	1.5E-10
0.008278	1.42E-10
0.008294	1.34E-10
0.00831	1.27E-10
0.008325	1.51E-10
0.008341	1.64E-10
0.008357	1.96E-10
0.008373	1.98E-10
0.008389	2.02E-10
0.008405	1.45E-10
0.008421	1.12E-10
0.008437	9.2E-11
0.008452	7.8E-11
0.008468	6.8E-11
0.008484	4.3E-11
0.0085	3.2E-11
0.008516	1.1E-11
0.008532	2.4E-11
0.008548	3.1E-11
0.008563	7.1E-11
0.008579	9.1E-11
0.008595	1.18E-10
0.008611	1.3E-10
0.008627	1.62E-10
0.008643	1.42E-10
0.008659	1.13E-10
0.008675	8.2E-11
0.00869	8.1E-11
0.008706	1E-10
0.008722	1.12E-10
0.008738	1.4E-10
0.008754	1.18E-10
0.00877	9.5E-11
0.008786	4.8E-11
0.008802	2.4E-11
0.008817	-8E-12
0.008833	-5E-12
0.008849	-1E-11
0.008865	-7E-12
0.008881	8E-12
0.008897	2.6E-11
0.008913	5.8E-11
0.008929	3.9E-11
0.008944	3.8E-11
0.00896	3.7E-11
0.008976	6.6E-11
0.008992	6.7E-11
0.009008	7.8E-11
0.009024	5.9E-11
0.00904	5.6E-11
0.009056	2.6E-11
0.009071	2.5E-11
0.009087	1.7E-11
0.009103	1.5E-11
0.009119	7E-12
0.009135	-3.7E-11
0.009151	-6.2E-11
0.009167	-1.04E-10
0.009183	-1.2E-10
0.009198	-1.4E-10
0.009214	-1.13E-10
0.00923	-8.9E-11
0.009246	-3.4E-11
0.009262	-1E-12
0.009278	2.6E-11
0.009294	3.8E-11
0.00931	1E-12
0.009325	-3.1E-11
0.009341	-8.2E-11
0.009357	-8.8E-11
0.009373	-8.5E-11
0.009389	-4.1E-11
0.009405	-2.9E-11
0.009421	-1.4E-11
0.009437	-3.9E-11
0.009452	-7.4E-11
0.009468	-1.16E-10
0.009484	-1.73E-10
0.0095	-1.85E-10
0.009516	-1.99E-10
0.009532	-1.8E-10
0.009548	-1.65E-10
0.009563	-1.15E-10
0.009579	-1.03E-10
0.009595	-8.4E-11
0.009611	-8.9E-11
0.009627	-8.5E-11
0.009643	-1.12E-10
0.009659	-1.02E-10
0.009675	-9.4E-11
0.00969	-9.2E-11
0.009706	-8.8E-11
0.009722	-8.2E-11
0.009738	-5.3E-11
0.009754	-7E-11
0.00977	-7.9E-11
0.009786	-1.27E-10
0.009802	-1.8E-10
0.009817	-2.58E-10
0.009833	-2.69E-10
0.009849	-2.5E-10
0.009865	-1.9E-10
0.009881	-1.16E-10
0.009897	-7E-11
0.009913	-1.6E-11
0.009929	-3.2E-11
0.009944	-4.3E-11
0.00996	-8.4E-11
0.009976	-1.22E-10
0.009992	-1.77E-10
0.010008	-1.86E-10
0.010024	-1.95E-10
0.01004	-1.56E-10
0.010056	-1.26E-10
0.010071	-8.1E-11
0.010087	-9.4E-11
0.010103	-1.52E-10
0.010119	-2E-10
0.010135	-2.27E-10
0.010151	-2.07E-10
0.010167	-2.11E-10
0.010183	-1.86E-10
0.010198	-1.62E-10
0.010214	-1.28E-10
0.01023	-1.47E-10
0.010246	-1.36E-10
0.010262	-1.43E-10
0.010278	-1.66E-10
0.010294	-1.88E-10
0.01031	-2.07E-10
0.010325	-1.83E-10
0.010341	-1.92E-10
0.010357	-1.77E-10
0.010373	-1.87E-10
0.010389	-1.65E-10
0.010405	-1.69E-10
0.010421	-1.41E-10
0.010437	-1.36E-10
0.010452	-1.52E-10
0.010468	-1.7E-10
0.010484	-1.83E-10
0.0105	-1.56E-10
0.010516	-1.58E-10
0.010532	-1.3E-10
0.010548	-1.23E-10
0.010563	-1.16E-10
0.010579	-1.63E-10
0.010595	-1.86E-10
0.010611	-2.19E-10
0.010627	-2.11E-10
0.010643	-2.23E-10
0.010659	-1.9E-10
0.010675	-1.74E-10
0.01069	-1.67E-10
0.010706	-1.72E-10
0.010722	-2E-10
0.010738	-1.83E-10
0.010754	-1.79E-10
0.01077	-1.29E-10
0.010786	-7.7E-11
0.010802	-9E-12
0.010817	-1.4E-11
0.010833	-3.9E-11
0.010849	-1.17E-10
0.010865	-1.78E-10
0.010881	-2.1E-10
0.010897	-2.42E-10
0.010913	-2.18E-10
0.010929	-2.03E-10
0.010944	-1.43E-10
0.01096	-1.25E-10
0.010976	-1.19E-10
0.010992	-1.51E-10
0.011008	-1.58E-10
0.011024	-1.87E-10
0.01104	-1.69E-10
0.011056	-1.68E-10
0.011071	-1.27E-10
0.011087	-8.3E-11
0.011103	-3.3E-11
0.011119	-1E-12
0.011135	-1.7E-11
0.011151	-3.3E-11
0.011167	-7.7E-11
0.011183	-6.6E-11
0.011198	-6.3E-11
0.011214	-4.5E-11
0.01123	-9E-11
0.011246	-1.36E-10
0.011262	-2.03E-10
0.011278	-2.45E-10
0.011294	-2.49E-10
0.01131	-2.38E-10
0.011325	-1.82E-10
0.011341	-1.62E-10
0.011357	-1.22E-10
0.011373	-1.03E-10
0.011389	-4.5E-11
0.011405	-3.2E-11
0.011421	-1.7E-11
0.011437	-6.5E-11
0.011452	-1.4E-10
0.011468	-1.97E-10
0.011484	-2.23E-10
0.0115	-1.82E-10
0.011516	-1.71E-10
0.011532	-1.45E-10
0.011548	-1.56E-10
0.011563	-1.54E-10
0.011579	-1.98E-10
0.011595	-2.15E-10
0.011611	-2.49E-10
0.011627	-2.6E-10
0.011643	-2.99E-10
0.011659	-2.85E-10
0.011675	-2.56E-10
0.01169	-2.03E-10
0.011706	-1.55E-10
0.011722	-1.54E-10
0.011738	-1.65E-10
0.011754	-2.24E-10
0.01177	-2.41E-10
0.011786	-2.78E-10
0.011802	-2.79E-10
0.011817	-2.96E-10
0.011833	-2.66E-10
0.011849	-2.61E-10
0.011865	-2.74E-10
0.011881	-3.1E-10
0.011897	-3.7E-10
0.011913	-3.79E-10
0.011929	-4.06E-10
0.011944	-3.81E-10
0.01196	-3.69E-10
0.011976	-3.4E-10
0.011992	-3.45E-10
0.012008	-3.17E-10
0.012024	-3.07E-10
0.01204	-2.71E-10
0.012056	-2.79E-10
0.012071	-2.74E-10
0.012087	-2.99E-10
0.012103	-3.09E-10
0.012119	-2.92E-10
0.012135	-2.81E-10
0.012151	-2.42E-10
0.012167	-2.67E-10
0.012183	-3.1E-10
0.012198	-3.85E-10
0.012214	-4.05E-10
0.01223	-4.42E-10
0.012246	-4.3E-10
0.012262	-4.13E-10
0.012278	-3.7E-10
0.012294	-3.16E-10
0.01231	-2.88E-10
0.012325	-2.47E-10
0.012341	-2.69E-10
0.012357	-2.73E-10
0.012373	-3.16E-10
0.012389	-3.23E-10
0.012405	-3.55E-10
0.012421	-3.47E-10
0.012437	-3.44E-10
0.012452	-3.25E-10
0.012468	-3.02E-10
0.012484	-3.06E-10
0.0125	-3.02E-10
0.012516	-3.49E-10
0.012532	-3.5E-10
0.012548	-3.61E-10
0.012563	-3.32E-10
0.012579	-3.29E-10
0.012595	-2.89E-10
0.012611	-2.78E-10
0.012627	-2.51E-10
0.012643	-2.9E-10
0.012659	-3.31E-10
0.012675	-3.67E-10
0.01269	-3.53E-10
0.012706	-3.06E-10
0.012722	-2.73E-10
0.012738	-2.49E-10
0.012754	-3.06E-10
0.01277	-3.64E-10
0.012786	-4.44E-10
0.012802	-4.33E-10
0.012817	-4.06E-10
0.012833	-3.07E-10
0.012849	-2.11E-10
0.012865	-1.22E-10
0.012881	-7E-11
0.012897	-1.02E-10
0.012913	-1.54E-10
0.012929	-2.61E-10
0.012944	-3E-10
0.01296	-3.21E-10
0.012976	-2.83E-10
0.012992	-2.66E-10
0.013008	-2.36E-10
0.013024	-2.59E-10
0.01304	-2.56E-10
0.013056	-2.75E-10
0.013071	-2.27E-10
0.013087	-1.86E-10
0.013103	-1.62E-10
0.013119	-1.65E-10
0.013135	-2.12E-10
0.013151	-2.25E-10
0.013167	-2.52E-10
0.013183	-2.12E-10
0.013198	-1.78E-10
0.013214	-1.29E-10
0.01323	-1.61E-10
0.013246	-1.92E-10
0.013262	-2.46E-10
0.013278	-2.73E-10
0.013294	-2.76E-10
0.01331	-2.93E-10
0.013325	-2.7E-10
0.013341	-2.74E-10
0.013357	-2.17E-10
0.013373	-1.7E-10
0.013389	-9.8E-11
0.013405	-1.03E-10
0.013421	-1.21E-10
0.013437	-1.9E-10
0.013452	-2.48E-10
0.013468	-2.84E-10
0.013484	-3.29E-10
0.0135	-3.24E-10
0.013516	-3.37E-10
0.013532	-3.03E-10
0.013548	-2.82E-10
0.013563	-2.12E-10
0.013579	-1.65E-10
0.013595	-7.1E-11
0.013611	-8E-12
0.013627	4.9E-11
0.013643	1.4E-11
0.013659	-3.7E-11
0.013675	-1.46E-10
0.01369	-2.47E-10
0.013706	-3.06E-10
0.013722	-3.29E-10
0.013738	-2.65E-10
0.013754	-2.2E-10
0.01377	-1.52E-10
0.013786	-1.38E-10
0.013802	-1.2E-10
0.013817	-1.57E-10
0.013833	-1.46E-10
0.013849	-1.5E-10
0.013865	-1.47E-10
0.013881	-1.53E-10
0.013897	-2.02E-10
0.013913	-2.12E-10
0.013929	-2.29E-10
0.013944	-1.6E-10
0.01396	-9E-11
0.013976	-1E-12
0.013992	1.7E-11
0.014008	4.2E-11
0.014024	2.4E-11
0.01404	1.9E-11
0.014056	-3.9E-11
0.014071	-6.3E-11
0.014087	-1.06E-10
0.014103	-1.34E-10
0.014119	-1.46E-10
0.014135	-1.74E-10
0.014151	-1.49E-10
0.014167	-1.41E-10
0.014183	-6.4E-11
0.014198	1.2E-11
0.014214	9.6E-11
0.01423	6.9E-11
0.014246	1.8E-11
0.014262	-6.8E-11
0.014278	-1.11E-10
0.014294	-9.3E-11
0.01431	-6.9E-11
0.014325	-1.4E-11
0.014341	-2.5E-11
0.014357	-1.1E-11
0.014373	-3.6E-11
0.014389	-4.7E-11
0.014405	-1.26E-10
0.014421	-1.54E-10
0.014437	-1.57E-10
0.014452	-9.7E-11
0.014468	-2E-12
0.014484	4.2E-11
0.0145	6.7E-11
0.014516	7E-12
0.014532	-2.9E-11
0.014548	-7.9E-11
0.014563	-8.4E-11
0.014579	-1.25E-10
0.014595	-1.2E-10
0.014611	-1.46E-10
0.014627	-1.47E-10
0.014643	-1.95E-10
0.014659	-1.92E-10
0.014675	-1.89E-10
0.01469	-1.53E-10
0.014706	-9.6E-11
0.014722	-6.5E-11
0.014738	-2.1E-11
0.014754	-5.1E-11
0.01477	-5.8E-11
0.014786	-8.4E-11
0.014802	-6.2E-11
0.014817	-8.6E-11
0.014833	-8.2E-11
0.014849	-1.32E-10
0.014865	-1.93E-10
0.014881	-2.37E-10
0.014897	-2.69E-10
0.014913	-2.13E-10
0.014929	-1.81E-10
0.014944	-1.16E-10
0.01496	-1.02E-10
0.014976	-8.2E-11
0.014992	-1.16E-10
0.015008	-9.2E-11
0.015024	-6E-11
0.01504	1.9E-11
0.015056	2.9E-11
0.015071	3.7E-11
0.015087	-2E-11
0.015103	-7.7E-11
0.015119	-1.06E-10
0.015135	-1.34E-10
0.015151	-9.6E-11
0.015167	-9.5E-11
0.015183	-6.1E-11
0.015198	-7.3E-11
0.015214	-7.1E-11
0.01523	-1.32E-10
0.015246	-1.62E-10
0.015262	-2.16E-10
0.015278	-2.36E-10
0.015294	-2.08E-10
0.01531	-1.74E-10
0.015325	-9.4E-11
0.015341	-8.8E-11
0.015357	-6.7E-11
0.015373	-8.1E-11
0.015389	-4.2E-11
0.015405	-4.8E-11
0.015421	-3E-11
0.015437	-6.3E-11
0.015452	-1.06E-10
0.015468	-1.47E-10
0.015484	-2.1E-10
0.0155	-2.05E-10
0.015516	-1.94E-10
0.015532	-9.8E-11
0.015548	-2.9E-11
0.015563	2.2E-11
0.015579	-5.4E-11
0.015595	-1.34E-10
0.015611	-2.23E-10
0.015627	-2.16E-10
0.015643	-1.99E-10
0.015659	-1.05E-10
0.015675	-4.8E-11
0.01569	-2.8E-11
0.015706	-5.4E-11
0.015722	-1.34E-10
0.015738	-1.62E-10
0.015754	-1.96E-10
0.01577	-1.43E-10
0.015786	-8.9E-11
0.015802	7E-12
0.015817	2.8E-11
0.015833	5.2E-11
0.015849	9E-12
0.015865	-4.8E-11
0.015881	-1.09E-10
0.015897	-2.01E-10
0.015913	-2.22E-10
0.015929	-2.43E-10
0.015944	-1.8E-10
0.01596	-1.29E-10
0.015976	-3.9E-11
0.015992	-4E-12
0.016008	5.2E-11
0.016024	4.2E-11
0.01604	3.7E-11
0.016056	-2.8E-11
0.016071	-3.3E-11
0.016087	-4E-11
0.016103	-2.2E-11
0.016119	1.4E-11
0.016135	2.3E-11
0.016151	6.7E-11
0.016167	3.8E-11
0.016183	7E-12
0.016198	-9.6E-11
0.016214	-1.71E-10
0.01623	-2.62E-10
0.016246	-2.55E-10
0.016262	-2.23E-10
0.016278	-1.34E-10
0.016294	-1.5E-11
0.01631	7E-11
0.016325	1.71E-10
0.016341	1.6E-10
0.016357	1.28E-10
0.016373	3.3E-11
0.016389	2E-12
0.016405	-3.6E-11
0.016421	4E-12
0.016437	2.7E-11
0.016452	4.2E-11
0.016468	4E-11
0.016484	-9E-12
0.0165	-2.6E-11
0.016516	-1.02E-10
0.016532	-1.48E-10
0.016548	-2.13E-10
0.016563	-2.05E-10
0.016579	-2.16E-10
0.016595	-1.43E-10
0.016611	-6.1E-11
0.016627	6.1E-11
0.016643	8.7E-11
0.016659	9.7E-11
0.016675	3.2E-11
0.01669	-3.7E-11
0.016706	-7.5E-11
0.016722	-9.1E-11
0.016738	-2.9E-11
0.016754	-2.2E-11
0.01677	-1.1E-11
0.016786	-6.5E-11
0.016802	-9.5E-11
0.016817	-1.85E-10
0.016833	-2.19E-10
0.016849	-2.64E-10
0.016865	-2.61E-10
0.016881	-1.97E-10
0.016897	-1.24E-10
0.016913	8E-12
0.016929	6E-11
0.016944	1.2E-10
0.01696	1.15E-10
0.016976	1.28E-10
0.016992	7.3E-11
0.017008	3.4E-11
0.017024	-6.9E-11
0.01704	-1.39E-10
0.017056	-2.27E-10
0.017071	-2.07E-10
0.017087	-1.71E-10
0.017103	-1.27E-10
0.017119	-1.13E-10
0.017135	-1.73E-10
0.017151	-1.94E-10
0.017167	-2.46E-10
0.017183	-2.25E-10
0.017198	-2.05E-10
0.017214	-1.23E-10
0.01723	-8.5E-11
0.017246	-2E-12
0.017262	4.3E-11
0.017278	8.5E-11
0.017294	1.23E-10
0.01731	1.05E-10
0.017325	9.2E-11
0.017341	-2.6E-11
0.017357	-1.29E-10
0.017373	-2.62E-10
0.017389	-3.08E-10
0.017405	-3.54E-10
0.017421	-3.04E-10
0.017437	-2.58E-10
0.017452	-2.04E-10
0.017468	-1.54E-10
0.017484	-1.4E-10
0.0175	-7.7E-11
0.017516	-6.7E-11
0.017532	-2.2E-11
0.017548	-2.9E-11
0.017563	-1.6E-11
0.017579	-6.5E-11
0.017595	-6.4E-11
0.017611	-1.02E-10
0.017627	-1.19E-10
0.017643	-2.08E-10
0.017659	-2.38E-10
0.017675	-2.59E-10
0.01769	-2.44E-10
0.017706	-2.18E-10
0.017722	-2.27E-10
0.017738	-1.87E-10
0.017754	-2.02E-10
0.01777	-1.82E-10
0.017786	-2.07E-10
0.017802	-1.98E-10
0.017817	-2.42E-10
0.017833	-2.14E-10
0.017849	-1.96E-10
0.017865	-1.43E-10
0.017881	-6E-11
0.017897	-6E-12
0.017913	7.4E-11
0.017929	3.7E-11
0.017944	-1.4E-11
0.01796	-1.4E-10
0.017976	-2.32E-10
0.017992	-3.48E-10
0.018008	-3.54E-10
0.018024	-3.29E-10
0.01804	-2.24E-10
0.018056	-1.72E-10
0.018071	-8.9E-11
0.018087	-7.3E-11
0.018103	-8.3E-11
0.018119	-1.05E-10
0.018135	-1.62E-10
0.018151	-1.46E-10
0.018167	-1.51E-10
0.018183	-7.2E-11
0.018198	7E-12
0.018214	1.39E-10
0.01823	1.93E-10
0.018246	2.45E-10
0.018262	1.94E-10
0.018278	9E-11
0.018294	-4.6E-11
0.01831	-2.22E-10
0.018325	-3.21E-10
0.018341	-4.19E-10
0.018357	-3.81E-10
0.018373	-3.02E-10
0.018389	-1.44E-10
0.018405	-6.4E-11
0.018421	2.5E-11
0.018437	3.9E-11
0.018452	3.2E-11
0.018468	3.6E-11
0.018484	2.9E-11
0.0185	8.6E-11
0.018516	8.4E-11
0.018532	1.11E-10
0.018548	7.7E-11
0.018563	6.7E-11
0.018579	-1.6E-11
0.018595	-4.3E-11
0.018611	-9.3E-11
0.018627	-9.9E-11
0.018643	-1.79E-10
0.018659	-2.1E-10
0.018675	-2.47E-10
0.01869	-2.19E-10
0.018706	-1.25E-10
0.018722	-3.2E-11
0.018738	1.02E-10
0.018754	1.4E-10
0.01877	1.79E-10
0.018786	1.48E-10
0.018802	1.43E-10
0.018817	8.1E-11
0.018833	1E-10
0.018849	1.03E-10
0.018865	1.03E-10
0.018881	6.9E-11
0.018897	-3.2E-11
0.018913	-5.9E-11
0.018929	-9.3E-11
0.018944	-2E-11
0.01896	3.7E-11
0.018976	1.2E-10
0.018992	1.04E-10
0.019008	9.3E-11
0.019024	1.8E-11
0.01904	-7E-12
0.019056	-5.7E-11
0.019071	4E-12
0.019087	8.7E-11
0.019103	2.07E-10
0.019119	3.3E-10
0.019135	3.77E-10
0.019151	4.17E-10
0.019167	3.36E-10
0.019183	2.63E-10
0.019198	1.4E-10
0.019214	7E-11
0.01923	-4.1E-11
0.019246	-6.4E-11
0.019262	-8E-11
0.019278	-5.5E-11
0.019294	1.8E-11
0.01931	8.6E-11
0.019325	1.97E-10
0.019341	1.91E-10
0.019357	1.93E-10
0.019373	1.57E-10
0.019389	2.21E-10
0.019405	2.74E-10
0.019421	3.93E-10
0.019437	4.36E-10
0.019452	4.21E-10
0.019468	3.72E-10
0.019484	2.91E-10
0.0195	3.01E-10
0.019516	2.84E-10
0.019532	3.04E-10
0.019548	2.45E-10
0.019563	2E-10
0.019579	9.1E-11
0.019595	6.2E-11
0.019611	2.8E-11
0.019627	5.7E-11
0.019643	1.7E-11
0.019659	2.7E-11
0.019675	1.7E-11
0.01969	5.9E-11
0.019706	1.69E-10
0.019722	2.81E-10
0.019738	4.41E-10
0.019754	4.82E-10
0.01977	4.77E-10
0.019786	3.48E-10
0.019802	2.39E-10
0.019817	9.2E-11
0.019833	5.8E-11
0.019849	4E-11
0.019865	5.8E-11
0.019881	7.5E-11
0.019897	3.6E-11
0.019913	6.4E-11
0.019929	4.8E-11
0.019944	1.03E-10
0.01996	1.1E-10
0.019976	1.34E-10
0.019992	7.8E-11
0.020008	9.3E-11
0.020024	9.8E-11
0.02004	1.6E-10
0.020056	1.6E-10
0.020071	2.39E-10
0.020087	3.04E-10
0.020103	3.71E-10
0.020119	4.18E-10
0.020135	3.71E-10
0.020151	3.19E-10
0.020167	1.75E-10
0.020183	9.6E-11
0.020198	1.7E-11
0.020214	2.9E-11
0.02023	9E-12
0.020246	6.6E-11
0.020262	1.04E-10
0.020278	1.63E-10
0.020294	2.17E-10
0.02031	1.9E-10
0.020325	1.76E-10
0.020341	8.8E-11
0.020357	8.6E-11
0.020373	8E-11
0.020389	1.58E-10
0.020405	1.84E-10
0.020421	2.62E-10
0.020437	2.87E-10
0.020452	2.97E-10
0.020468	2.92E-10
0.020484	2.26E-10
0.0205	1.89E-10
0.020516	7.3E-11
0.020532	1.4E-11
0.020548	-5.1E-11
0.020563	-2.3E-11
0.020579	-3.9E-11
0.020595	1E-11
0.020611	2.5E-11
0.020627	9.7E-11
0.020643	9.7E-11
0.020659	1.4E-10
0.020675	1.4E-10
0.02069	1.48E-10
0.020706	1.59E-10
0.020722	1.25E-10
0.020738	1.43E-10
0.020754	1.03E-10
0.02077	1.26E-10
0.020786	1.08E-10
0.020802	1.37E-10
0.020817	9.3E-11
0.020833	1.04E-10
0.020849	6E-11
0.020865	2.3E-11
0.020881	5E-12
0.020897	-4.9E-11
0.020913	-3.7E-11
0.020929	-9.1E-11
0.020944	-8.2E-11
0.02096	-9.2E-11
0.020976	-2.4E-11
0.020992	-6E-12
0.021008	7E-11
0.021024	1.02E-10
0.02104	1.71E-10
0.021056	1.39E-10
0.021071	1.34E-10
0.021087	7.4E-11
0.021103	2.9E-11
0.021119	2.2E-11
0.021135	7E-12
0.021151	8.4E-11
0.021167	1.12E-10
0.021183	1.69E-10
0.021198	1.26E-10
0.021214	8.8E-11
0.02123	-2.3E-11
0.021246	-4.3E-11
0.021262	-5.5E-11
0.021278	-2.5E-11
0.021294	2.1E-11
0.02131	2E-11
0.021325	6.6E-11
0.021341	2.7E-11
0.021357	5E-11
0.021373	3.5E-11
0.021389	7.1E-11
0.021405	3E-11
0.021421	7.3E-11
0.021437	1.15E-10
0.021452	1.88E-10
0.021468	2.62E-10
0.021484	2.6E-10
0.0215	2.69E-10
0.021516	1.75E-10
0.021532	1.13E-10
0.021548	-2E-12
0.021563	-4.9E-11
0.021579	-1.19E-10
0.021595	-5.5E-11
0.021611	2.5E-11
0.021627	1.47E-10
0.021643	1.17E-10
0.021659	6.5E-11
0.021675	-5E-11
0.02169	-1.08E-10
0.021706	-8.8E-11
0.021722	-5.8E-11
0.021738	5.1E-11
0.021754	9.2E-11
0.02177	1.76E-10
0.021786	2.01E-10
0.021802	2.59E-10
0.021817	2.15E-10
0.021833	2.1E-10
0.021849	1.4E-10
0.021865	7E-11
0.021881	9E-12
0.021897	-8.6E-11
0.021913	-1.03E-10
0.021929	-1.82E-10
0.021944	-1.79E-10
0.02196	-1.89E-10
0.021976	-1.24E-10
0.021992	-1.16E-10
0.022008	-3.3E-11
0.022024	1E-11
0.02204	8.7E-11
0.022056	5.5E-11
0.022071	5.5E-11
0.022087	1.3E-11
0.022103	-1E-12
0.022119	2.7E-11
0.022135	4.4E-11
0.022151	1.47E-10
0.022167	1.78E-10
0.022183	2.35E-10
0.022198	2.01E-10
0.022214	1.79E-10
0.02223	6.7E-11
0.022246	1.8E-11
0.022262	-4.6E-11
0.022278	-4.7E-11
0.022294	1.4E-11
0.02231	3.6E-11
0.022325	8.1E-11
0.022341	9E-12
0.022357	-4E-12
0.022373	-3.1E-11
0.022389	4.8E-11
0.022405	9.2E-11
0.022421	2.25E-10
0.022437	3.15E-10
0.022452	3.8E-10
0.022468	4.02E-10
0.022484	3.43E-10
0.0225	3.34E-10
0.022516	2.7E-10
0.022532	2.87E-10
0.022548	2.64E-10
0.022563	2.81E-10
0.022579	2.01E-10
0.022595	1.77E-10
0.022611	1.13E-10
0.022627	1.1E-10
0.022643	4.2E-11
0.022659	6.3E-11
0.022675	7.4E-11
0.02269	1.25E-10
0.022706	2.04E-10
0.022722	2.41E-10
0.022738	3.25E-10
0.022754	3.2E-10
0.02277	3.64E-10
0.022786	3.59E-10
0.022802	4.09E-10
0.022817	3.7E-10
0.022833	3.73E-10
0.022849	2.99E-10
0.022865	2.36E-10
0.022881	2.18E-10
0.022897	1.93E-10
0.022913	2.71E-10
0.022929	2.72E-10
0.022944	3.01E-10
0.02296	2.47E-10
0.022976	2.24E-10
0.022992	1.22E-10
0.023008	1.07E-10
0.023024	8.9E-11
0.02304	1.57E-10
0.023056	1.53E-10
0.023071	2.12E-10
0.023087	2.28E-10
0.023103	2.6E-10
0.023119	3.13E-10
0.023135	3.32E-10
0.023151	4.32E-10
0.023167	4.62E-10
0.023183	5.4E-10
0.023198	5.49E-10
0.023214	5.95E-10
0.02323	5.29E-10
0.023246	4.64E-10
0.023262	3.04E-10
0.023278	1.59E-10
0.023294	8.6E-11
0.02331	6.5E-11
0.023325	1.99E-10
0.023341	2.98E-10
0.023357	4.55E-10
0.023373	5.12E-10
0.023389	5.58E-10
0.023405	4.62E-10
0.023421	4.15E-10
0.023437	3.5E-10
0.023452	3.5E-10
0.023468	4.22E-10
0.023484	4.97E-10
0.0235	6.43E-10
0.023516	6.76E-10
0.023532	6.94E-10
0.023548	5.72E-10
0.023563	4.52E-10
0.023579	2.55E-10
0.023595	1.72E-10
0.023611	1.18E-10
0.023627	2.07E-10
0.023643	2.68E-10
0.023659	3.96E-10
0.023675	4.4E-10
0.02369	4.52E-10
0.023706	4.64E-10
0.023722	4.46E-10
0.023738	5.01E-10
0.023754	4.68E-10
0.02377	4.81E-10
0.023786	4.44E-10
0.023802	4.8E-10
0.023817	4.44E-10
0.023833	4.77E-10
0.023849	4.5E-10
0.023865	4.33E-10
0.023881	4.33E-10
0.023897	3.78E-10
0.023913	3.93E-10
0.023929	3.34E-10
0.023944	3.67E-10
0.02396	3.76E-10
0.023976	4.5E-10
0.023992	4.41E-10
0.024008	4.89E-10
0.024024	4.76E-10
0.02404	5.02E-10
0.024056	4.25E-10
0.024071	4.13E-10
0.024087	3.69E-10
0.024103	3.57E-10
0.024119	3.89E-10
0.024135	3.88E-10
0.024151	4.64E-10
0.024167	4.78E-10
0.024183	5.7E-10
0.024198	5.95E-10
0.024214	6.28E-10
0.02423	5.22E-10
0.024246	4.54E-10
0.024262	3.62E-10
0.024278	3.44E-10
0.024294	4.04E-10
0.02431	4.52E-10
0.024325	5.62E-10
0.024341	5.47E-10
0.024357	5.69E-10
0.024373	5.21E-10
0.024389	5.24E-10
0.024405	4.29E-10
0.024421	4.12E-10
0.024437	3.95E-10
0.024452	4.44E-10
0.024468	5.34E-10
0.024484	5.61E-10
0.0245	6.06E-10
0.024516	5.29E-10
0.024532	5.1E-10
0.024548	4.66E-10
0.024563	5.1E-10
0.024579	4.8E-10
0.024595	5.21E-10
0.024611	5.11E-10
0.024627	5.5E-10
0.024643	4.81E-10
0.024659	4.65E-10
0.024675	4.12E-10
0.02469	3.95E-10
0.024706	4.13E-10
0.024722	4.01E-10
0.024738	4.53E-10
0.024754	3.99E-10
0.02477	3.82E-10
0.024786	3.07E-10
0.024802	3.27E-10
0.024817	3.2E-10
0.024833	4.45E-10
0.024849	5.36E-10
0.024865	6.21E-10
0.024881	6.8E-10
0.024897	6.3E-10
0.024913	5.97E-10
0.024929	4.46E-10
0.024944	3.76E-10
0.02496	3.06E-10
0.024976	3.6E-10
0.024992	3.64E-10
0.025008	4.38E-10
0.025024	4.46E-10
0.02504	4.99E-10
0.025056	4.59E-10
0.025071	5.04E-10
0.025087	5.16E-10
0.025103	5.51E-10
0.025119	5.95E-10
0.025135	5.59E-10
0.025151	5.57E-10
0.025167	4.61E-10
0.025183	4.6E-10
0.025198	4.49E-10
0.025214	5.19E-10
0.02523	4.9E-10
0.025246	4.96E-10
0.025262	4.2E-10
0.025278	3.43E-10
0.025294	2.99E-10
0.02531	2.56E-10
0.025325	3.38E-10
0.025341	3.66E-10
0.025357	4.78E-10
0.025373	5.13E-10
0.025389	5.71E-10
0.025405	4.93E-10
0.025421	4.64E-10
0.025437	4.11E-10
0.025452	4.24E-10
0.025468	5E-10
0.025484	5.34E-10
0.0255	6E-10
0.025516	5.28E-10
0.025532	4.83E-10
0.025548	3.78E-10
0.025563	3.52E-10
0.025579	2.68E-10
0.025595	2.93E-10
0.025611	3E-10
0.025627	3.93E-10
0.025643	3.99E-10
0.025659	4.69E-10
0.025675	4.8E-10
0.02569	4.91E-10
0.025706	4.97E-10
0.025722	4.42E-10
0.025738	4.55E-10
0.025754	3.92E-10
0.02577	4.1E-10
0.025786	3.9E-10
0.025802	4.51E-10
0.025817	4.16E-10
0.025833	4.29E-10
0.025849	3.55E-10
0.025865	2.88E-10
0.025881	2.57E-10
0.025897	2.01E-10
0.025913	2.47E-10
0.025929	2.05E-10
0.025944	2.47E-10
0.02596	2.5E-10
0.025976	3.23E-10
0.025992	3.01E-10
0.026008	3.44E-10
0.026024	3.45E-10
0.02604	4.2E-10
0.026056	3.93E-10
0.026071	4.27E-10
0.026087	3.98E-10
0.026103	3.54E-10
0.026119	3.18E-10
0.026135	2.33E-10
0.026151	2.24E-10
0.026167	1.5E-10
0.026183	1.96E-10
0.026198	2.3E-10
0.026214	3.16E-10
0.02623	2.98E-10
0.026246	3.42E-10
0.026262	3.1E-10
0.026278	2.78E-10
0.026294	2.52E-10
0.02631	1.93E-10
0.026325	2.25E-10
0.026341	1.51E-10
0.026357	1.85E-10
0.026373	1.98E-10
0.026389	2.86E-10
0.026405	2.6E-10
0.026421	2.68E-10
0.026437	2E-10
0.026452	1.44E-10
0.026468	1.17E-10
0.026484	6.1E-11
0.0265	1.04E-10
0.026516	8.6E-11
0.026532	1.7E-10
0.026548	1.9E-10
0.026563	2.33E-10
0.026579	1.4E-10
0.026595	1.04E-10
0.026611	2.8E-11
0.026627	5.2E-11
0.026643	1.2E-11
0.026659	8.3E-11
0.026675	1.29E-10
0.02669	1.84E-10
0.026706	2.16E-10
0.026722	1.43E-10
0.026738	1.24E-10
0.026754	4.2E-11
0.02677	7.3E-11
0.026786	5.5E-11
0.026802	6.8E-11
0.026817	-4.8E-11
0.026833	-7.4E-11
0.026849	-1.07E-10
0.026865	-5.6E-11
0.026881	4.5E-11
0.026897	6.9E-11
0.026913	1.36E-10
0.026929	6E-11
0.026944	3.4E-11
0.02696	-5.2E-11
0.026976	-6.3E-11
0.026992	-1.51E-10
0.027008	-1.35E-10
0.027024	-1.31E-10
0.02704	-3.1E-11
0.027056	-5E-11
0.027071	-2E-11
0.027087	-6.2E-11
0.027103	-1.02E-10
0.027119	-1.03E-10
0.027135	-1.36E-10
0.027151	-6.5E-11
0.027167	-8.5E-11
0.027183	-5.8E-11
0.027198	-9.6E-11
0.027214	-6.9E-11
0.02723	-1.17E-10
0.027246	-6.8E-11
0.027262	-6.8E-11
0.027278	-3.7E-11
0.027294	1.6E-11
0.02731	-3E-12
0.027325	3.2E-11
0.027341	-4.8E-11
0.027357	-3.4E-11
0.027373	-6.3E-11
0.027389	-2.8E-11
0.027405	-9E-11
0.027421	-5.9E-11
0.027437	-6.8E-11
0.027452	-5.8E-11
0.027468	-2E-11
0.027484	-2.6E-11
0.0275	3.8E-11
0.027516	2E-11
0.027532	8.8E-11
0.027548	7.9E-11
0.027563	1.25E-10
0.027579	5E-11
0.027595	1.6E-11
0.027611	-8.8E-11
0.027627	-9.5E-11
0.027643	-1.48E-10
0.027659	-6.6E-11
0.027675	-2.5E-11
0.02769	5E-12
0.027706	3.2E-11
0.027722	-4E-12
0.027738	3.9E-11
0.027754	8E-12
0.02777	7.4E-11
0.027786	8.1E-11
0.027802	1.52E-10
0.027817	9.2E-11
0.027833	7E-11
0.027849	-2.3E-11
0.027865	-8.2E-11
0.027881	-8.5E-11
0.027897	-9.5E-11
0.027913	1.6E-11
0.027929	2.1E-11
0.027944	7.1E-11
0.02796	2E-12
0.027976	-4.1E-11
0.027992	-1.69E-10
0.028008	-1.61E-10
0.028024	-1.49E-10
0.02804	-3.9E-11
0.028056	-4.9E-11
0.028071	-1E-11
0.028087	-6.6E-11
0.028103	-1.22E-10
0.028119	-1.22E-10
0.028135	-1.51E-10
0.028151	-7.7E-11
0.028167	-9.8E-11
0.028183	-5.1E-11
0.028198	-5.5E-11
0.028214	-1E-12
0.02823	-7.3E-11
0.028246	-5E-11
0.028262	-5.8E-11
0.028278	-5.3E-11
0.028294	-4.8E-11
0.02831	-1.12E-10
0.028325	-9.3E-11
0.028341	-1.75E-10
0.028357	-1.41E-10
0.028373	-1.48E-10
0.028389	-7.4E-11
0.028405	-1.07E-10
0.028421	-8.2E-11
0.028437	-1.24E-10
0.028452	-1.27E-10
0.028468	-7.3E-11
0.028484	-5.8E-11
0.0285	1.4E-11
0.028516	-5.7E-11
0.028532	-7.5E-11
0.028548	-1.37E-10
0.028563	-1.09E-10
0.028579	-1.82E-10
0.028595	-1.54E-10
0.028611	-1.86E-10
0.028627	-1.54E-10
0.028643	-2.33E-10
0.028659	-2.4E-10
0.028675	-3.09E-10
0.02869	-3.54E-10
0.028706	-3.72E-10
0.028722	-4.4E-10
0.028738	-4.12E-10
0.028754	-4.59E-10
0.02877	-3.96E-10
0.028786	-3.55E-10
0.028802	-2.3E-10
0.028817	-2.32E-10
0.028833	-1.75E-10
0.028849	-2.28E-10
0.028865	-2.89E-10
0.028881	-3.24E-10
0.028897	-3.98E-10
0.028913	-3.54E-10
0.028929	-4.12E-10
0.028944	-3.91E-10
0.02896	-4.22E-10
0.028976	-3.85E-10
0.028992	-4.52E-10
0.029008	-4.22E-10
0.029024	-4.51E-10
0.02904	-4.17E-10
0.029056	-5.04E-10
0.029071	-5.11E-10
0.029087	-5.47E-10
0.029103	-5.26E-10
0.029119	-4.56E-10
0.029135	-4.53E-10
0.029151	-4.1E-10
0.029167	-5E-10
0.029183	-4.98E-10
0.029198	-5.35E-10
0.029214	-4.96E-10
0.02923	-5.66E-10
0.029246	-5.58E-10
0.029262	-6.11E-10
0.029278	-6.39E-10
0.029294	-6.32E-10
0.02931	-6.83E-10
0.029325	-6.28E-10
0.029341	-6.54E-10
0.029357	-6.01E-10
0.029373	-6.12E-10
0.029389	-5.74E-10
0.029405	-6.55E-10
0.029421	-6.63E-10
0.029437	-7.37E-10
0.029452	-7.55E-10
0.029468	-7.4E-10
0.029484	-7.5E-10
0.0295	-6.91E-10
0.029516	-7.64E-10
0.029532	-7.56E-10
0.029548	-8.06E-10
0.029563	-7.28E-10
0.029579	-7.63E-10
0.029595	-7E-10
0.029611	-7.24E-10
0.029627	-6.77E-10
0.029643	-7.68E-10
0.029659	-8.07E-10
0.029675	-8.82E-10
0.02969	-9.23E-10
0.029706	-8.95E-10
0.029722	-9.15E-10
0.029738	-8.39E-10
0.029754	-8.87E-10
0.02977	-8.79E-10
0.029786	-9.4E-10
0.029802	-9.32E-10
0.029817	-1.009E-09
0.029833	-9.72E-10
0.029849	-9.92E-10
0.029865	-9.67E-10
0.029881	-9.28E-10
0.029897	-9.42E-10
0.029913	-9.03E-10
0.029929	-9.81E-10
0.029944	-9.7E-10
0.02996	-1.026E-09
0.029976	-9.8E-10
0.029992	-1.053E-09
