-0.06	-4.59853E-09
-0.0595	-4.2241E-09
-0.059	-3.92439E-09
-0.0585	-3.6509E-09
-0.058	-3.37416E-09
-0.0575	-3.09119E-09
-0.057	-2.79647E-09
-0.0565	-2.4954E-09
-0.056	-2.21697E-09
-0.0555	-1.95511E-09
-0.055	-1.71914E-09
-0.0545	-1.52921E-09
-0.054	-1.34589E-09
-0.0535	-1.1521E-09
-0.053	-9.73582E-10
-0.0525	-8.04652E-10
-0.052	-6.4441E-10
-0.0515	-4.93771E-10
-0.051	-3.24587E-10
-0.0505	-1.65118E-10
-0.05	-3.1412E-11
-0.0495	1.04374E-10
-0.049	2.41106E-10
-0.0485	3.60029E-10
-0.048	4.53925E-10
-0.0475	5.49019E-10
-0.047	6.60477E-10
-0.0465	7.67953E-10
-0.046	8.4758E-10
-0.0455	9.17669E-10
-0.045	9.80875E-10
-0.0445	1.00685E-09
-0.044	1.01607E-09
-0.0435	1.05182E-09
-0.043	1.1E-09
-0.0425	1.13963E-09
-0.042	1.17719E-09
-0.0415	1.2202E-09
-0.041	1.26512E-09
-0.0405	1.29717E-09
-0.04	1.31172E-09
-0.0395	1.32272E-09
-0.039	1.33957E-09
-0.0385	1.35903E-09
-0.038	1.38139E-09
-0.0375	1.40144E-09
-0.037	1.41449E-09
-0.0365	1.42325E-09
-0.036	1.43222E-09
-0.0355	1.45227E-09
-0.035	1.48092E-09
-0.0345	1.50345E-09
-0.034	1.51039E-09
-0.0335	1.51462E-09
-0.033	1.52656E-09
-0.0325	1.53636E-09
-0.032	1.5434E-09
-0.0315	1.54924E-09
-0.031	1.54869E-09
-0.0305	1.55125E-09
-0.03	1.55546E-09
-0.0295	1.55452E-09
-0.029	1.55627E-09
-0.0285	1.55434E-09
-0.028	1.55156E-09
-0.0275	1.55583E-09
-0.027	1.55762E-09
-0.0265	1.55468E-09
-0.026	1.54224E-09
-0.0255	1.502E-09
-0.025	1.43424E-09
-0.0245	1.35883E-09
-0.024	1.30025E-09
-0.0235	1.25914E-09
-0.023	1.2163E-09
-0.0225	1.17654E-09
-0.022	1.13863E-09
-0.0215	1.08454E-09
-0.021	1.01181E-09
-0.0205	9.34632E-10
-0.02	8.65884E-10
-0.0195	8.08549E-10
-0.019	7.6002E-10
-0.0185	7.05672E-10
-0.018	6.43045E-10
-0.0175	5.77546E-10
-0.017	5.04476E-10
-0.0165	4.26126E-10
-0.016	3.58317E-10
-0.0155	3.14696E-10
-0.015	2.8323E-10
-0.0145	2.57522E-10
-0.014	2.39698E-10
-0.0135	2.21756E-10
-0.013	1.95821E-10
-0.0125	1.58101E-10
-0.012	1.2398E-10
-0.0115	1.13719E-10
-0.011	1.20317E-10
-0.0105	1.3593E-10
-0.01	1.61463E-10
-0.0095	1.94218E-10
-0.009	2.33206E-10
-0.0085	2.63853E-10
-0.008	2.73284E-10
-0.0075	2.74342E-10
-0.007	2.75203E-10
-0.0065	2.66493E-10
-0.006	2.45774E-10
-0.0055	2.24743E-10
-0.005	2.11316E-10
-0.0045	1.96682E-10
-0.004	1.70496E-10
-0.0035	1.35738E-10
-0.003	1.02208E-10
-0.0025	6.1272E-11
-0.002	1.4315E-11
-0.0015	-3.4195E-11
-0.001	-8.3039E-11
-0.0005	-1.30238E-10
0	-1.83541E-10
0.0005	-2.44407E-10
0.001	-3.06711E-10
0.0015	-3.65256E-10
0.002	-4.22791E-10
0.0025	-4.8943E-10
0.003	-5.63622E-10
0.0035	-6.41543E-10
0.004	-7.26412E-10
0.0045	-8.17052E-10
0.005	-9.03556E-10
0.0055	-9.70195E-10
0.006	-1.01772E-09
0.0065	-1.05814E-09
0.007	-1.09853E-09
0.0075	-1.14717E-09
0.008	-1.20917E-09
0.0085	-1.28275E-09
0.009	-1.35813E-09
0.0095	-1.40778E-09
0.01	-1.42951E-09
0.0105	-1.44691E-09
0.011	-1.45772E-09
0.0115	-1.45394E-09
0.012	-1.44387E-09
0.0125	-1.42113E-09
0.013	-1.37279E-09
0.0135	-1.30907E-09
0.014	-1.2672E-09
0.0145	-1.25544E-09
0.015	-1.24826E-09
0.0155	-1.24033E-09
0.016	-1.24523E-09
0.0165	-1.25875E-09
0.017	-1.25418E-09
0.0175	-1.22238E-09
0.018	-1.18524E-09
0.0185	-1.16535E-09
0.019	-1.1551E-09
0.0195	-1.14605E-09
0.02	-1.14208E-09
0.0205	-1.14043E-09
0.021	-1.12614E-09
0.0215	-1.09484E-09
0.022	-1.05628E-09
0.0225	-1.023E-09
0.023	-9.99492E-10
0.0235	-9.82779E-10
0.024	-9.77783E-10
0.0245	-9.69524E-10
0.025	-9.35242E-10
0.0255	-8.87715E-10
0.026	-8.54089E-10
0.0265	-8.34706E-10
0.027	-8.15639E-10
0.0275	-7.98678E-10
0.028	-8.06957E-10
0.0285	-8.37902E-10
0.029	-8.46387E-10
0.0295	-8.18556E-10
0.03	-7.81524E-10
0.0305	-7.51183E-10
0.031	-7.28326E-10
0.0315	-7.15815E-10
0.032	-7.1568E-10
0.0325	-7.13972E-10
0.033	-6.9843E-10
0.0335	-6.74582E-10
0.034	-6.45387E-10
0.0345	-6.14613E-10
0.035	-5.82259E-10
0.0355	-5.49928E-10
0.036	-5.22858E-10
0.0365	-4.9862E-10
0.037	-4.63183E-10
0.0375	-4.02199E-10
0.038	-3.26179E-10
0.0385	-2.54078E-10
0.039	-1.84958E-10
0.0395	-1.15329E-10
0.04	-5.5916E-11
0.0405	-1.4823E-11
0.041	1.7826E-11
0.0415	7.5899E-11
0.042	1.54573E-10
0.0425	2.20133E-10
0.043	2.81392E-10
0.0435	3.64789E-10
0.044	4.68378E-10
0.0445	5.73546E-10
0.045	6.80088E-10
0.0455	7.76431E-10
0.046	8.53558E-10
0.0465	9.15323E-10
0.047	9.60501E-10
0.0475	1.00846E-09
0.048	1.06912E-09
0.0485	1.12507E-09
0.049	1.16591E-09
0.0495	1.2025E-09
0.05	1.24652E-09
0.0505	1.28677E-09
0.051	1.30212E-09
0.0515	1.30725E-09
0.052	1.31826E-09
0.0525	1.31265E-09
0.053	1.29246E-09
0.0535	1.2701E-09
0.054	1.235E-09
0.0545	1.19849E-09
0.055	1.15812E-09
0.0555	1.07853E-09
0.056	9.63828E-10
0.0565	8.29358E-10
0.057	6.76306E-10
0.0575	5.26151E-10
0.058	3.76791E-10
0.0585	2.17844E-10
0.059	6.5812E-11
0.0595	-9.8078E-11
0.06	-3.47267E-10
