   1.21625538205e+09    1.31760999722e+09    5.06773075853e+04    1.07250000000e+01 
2001 
1.227937e-05 
1.227835e-05 
1.227734e-05 
1.227632e-05 
1.227530e-05 
1.227428e-05 
1.227327e-05 
1.227225e-05 
1.227123e-05 
1.227022e-05 
1.226920e-05 
1.226819e-05 
1.226717e-05 
1.226615e-05 
1.226514e-05 
1.226412e-05 
1.226311e-05 
1.226209e-05 
1.226108e-05 
1.226006e-05 
1.225904e-05 
1.225803e-05 
1.225702e-05 
1.225600e-05 
1.225499e-05 
1.225397e-05 
1.225296e-05 
1.225194e-05 
1.225093e-05 
1.224991e-05 
1.224890e-05 
1.224789e-05 
1.224687e-05 
1.224586e-05 
1.224485e-05 
1.224383e-05 
1.224282e-05 
1.224181e-05 
1.224079e-05 
1.223978e-05 
1.223877e-05 
1.223776e-05 
1.223674e-05 
1.223573e-05 
1.223472e-05 
1.223371e-05 
1.223270e-05 
1.223168e-05 
1.223067e-05 
1.222966e-05 
1.222865e-05 
1.222764e-05 
1.222663e-05 
1.222562e-05 
1.222460e-05 
1.222359e-05 
1.222258e-05 
1.222157e-05 
1.222056e-05 
1.221955e-05 
1.221854e-05 
1.221753e-05 
1.221652e-05 
1.221551e-05 
1.221450e-05 
1.221349e-05 
1.221248e-05 
1.221147e-05 
1.221046e-05 
1.220946e-05 
1.220845e-05 
1.220744e-05 
1.220643e-05 
1.220542e-05 
1.220441e-05 
1.220340e-05 
1.220240e-05 
1.220139e-05 
1.220038e-05 
1.219937e-05 
1.219836e-05 
1.219736e-05 
1.219635e-05 
1.219534e-05 
1.219433e-05 
1.219333e-05 
1.219232e-05 
1.219131e-05 
1.219031e-05 
1.218930e-05 
1.218829e-05 
1.218729e-05 
1.218628e-05 
1.218527e-05 
1.218427e-05 
1.218326e-05 
1.218226e-05 
1.218125e-05 
1.218025e-05 
1.217924e-05 
1.217823e-05 
1.217723e-05 
1.217622e-05 
1.217522e-05 
1.217421e-05 
1.217321e-05 
1.217221e-05 
1.217120e-05 
1.217020e-05 
1.216919e-05 
1.216819e-05 
1.216718e-05 
1.216618e-05 
1.216518e-05 
1.216417e-05 
1.216317e-05 
1.216217e-05 
1.216116e-05 
1.216016e-05 
1.215916e-05 
1.215815e-05 
1.215715e-05 
1.215615e-05 
1.215515e-05 
1.215414e-05 
1.215314e-05 
1.215214e-05 
1.215114e-05 
1.215014e-05 
1.214913e-05 
1.214813e-05 
1.214713e-05 
1.214613e-05 
1.214513e-05 
1.214413e-05 
1.214313e-05 
1.214212e-05 
1.214112e-05 
1.214012e-05 
1.213912e-05 
1.213812e-05 
1.213712e-05 
1.213612e-05 
1.213512e-05 
1.213412e-05 
1.213312e-05 
1.213212e-05 
1.213112e-05 
1.213012e-05 
1.212912e-05 
1.212812e-05 
1.212713e-05 
1.212613e-05 
1.212513e-05 
1.212413e-05 
1.212313e-05 
1.212213e-05 
1.212113e-05 
1.212013e-05 
1.211914e-05 
1.211814e-05 
1.211714e-05 
1.211614e-05 
1.211515e-05 
1.211415e-05 
1.211315e-05 
1.211215e-05 
1.211116e-05 
1.211016e-05 
1.210916e-05 
1.210816e-05 
1.210717e-05 
1.210617e-05 
1.210517e-05 
1.210418e-05 
1.210318e-05 
1.210219e-05 
1.210119e-05 
1.210019e-05 
1.209920e-05 
1.209820e-05 
1.209721e-05 
1.209621e-05 
1.209522e-05 
1.209422e-05 
1.209323e-05 
1.209223e-05 
1.209124e-05 
1.209024e-05 
1.208925e-05 
1.208825e-05 
1.208726e-05 
1.208626e-05 
1.208527e-05 
1.208428e-05 
1.208328e-05 
1.208229e-05 
1.208130e-05 
1.208030e-05 
1.207931e-05 
1.207832e-05 
1.207732e-05 
1.207633e-05 
1.207534e-05 
1.207434e-05 
1.207335e-05 
1.207236e-05 
1.207137e-05 
1.207037e-05 
1.206938e-05 
1.206839e-05 
1.206740e-05 
1.206641e-05 
1.206541e-05 
1.206442e-05 
1.206343e-05 
1.206244e-05 
1.206145e-05 
1.206046e-05 
1.205947e-05 
1.205848e-05 
1.205749e-05 
1.205649e-05 
1.205550e-05 
1.205451e-05 
1.205352e-05 
1.205253e-05 
1.205154e-05 
1.205055e-05 
1.204956e-05 
1.204857e-05 
1.204758e-05 
1.204660e-05 
1.204561e-05 
1.204462e-05 
1.204363e-05 
1.204264e-05 
1.204165e-05 
1.204066e-05 
1.203967e-05 
1.203868e-05 
1.203770e-05 
1.203671e-05 
1.203572e-05 
1.203473e-05 
1.203374e-05 
1.203276e-05 
1.203177e-05 
1.203078e-05 
1.202979e-05 
1.202881e-05 
1.202782e-05 
1.202683e-05 
1.202585e-05 
1.202486e-05 
1.202387e-05 
1.202289e-05 
1.202190e-05 
1.202091e-05 
1.201993e-05 
1.201894e-05 
1.201795e-05 
1.201697e-05 
1.201598e-05 
1.201500e-05 
1.201401e-05 
1.201303e-05 
1.201204e-05 
1.201106e-05 
1.201007e-05 
1.200909e-05 
1.200810e-05 
1.200712e-05 
1.200613e-05 
1.200515e-05 
1.200416e-05 
1.200318e-05 
1.200220e-05 
1.200121e-05 
1.200023e-05 
1.199924e-05 
1.199826e-05 
1.199728e-05 
1.199629e-05 
1.199531e-05 
1.199433e-05 
1.199334e-05 
1.199236e-05 
1.199138e-05 
1.199040e-05 
1.198941e-05 
1.198843e-05 
1.198745e-05 
1.198647e-05 
1.198548e-05 
1.198450e-05 
1.198352e-05 
1.198254e-05 
1.198156e-05 
1.198058e-05 
1.197959e-05 
1.197861e-05 
1.197763e-05 
1.197665e-05 
1.197567e-05 
1.197469e-05 
1.197371e-05 
1.197273e-05 
1.197175e-05 
1.197077e-05 
1.196979e-05 
1.196881e-05 
1.196783e-05 
1.196685e-05 
1.196587e-05 
1.196489e-05 
1.196391e-05 
1.196293e-05 
1.196195e-05 
1.196097e-05 
1.195999e-05 
1.195901e-05 
1.195803e-05 
1.195706e-05 
1.195608e-05 
1.195510e-05 
1.195412e-05 
1.195314e-05 
1.195216e-05 
1.195119e-05 
1.195021e-05 
1.194923e-05 
1.194825e-05 
1.194728e-05 
1.194630e-05 
1.194532e-05 
1.194434e-05 
1.194337e-05 
1.194239e-05 
1.194141e-05 
1.194044e-05 
1.193946e-05 
1.193848e-05 
1.193751e-05 
1.193653e-05 
1.193556e-05 
1.193458e-05 
1.193360e-05 
1.193263e-05 
1.193165e-05 
1.193068e-05 
1.192970e-05 
1.192873e-05 
1.192775e-05 
1.192678e-05 
1.192580e-05 
1.192483e-05 
1.192385e-05 
1.192288e-05 
1.192190e-05 
1.192093e-05 
1.191996e-05 
1.191898e-05 
1.191801e-05 
1.191703e-05 
1.191606e-05 
1.191509e-05 
1.191411e-05 
1.191314e-05 
1.191217e-05 
1.191119e-05 
1.191022e-05 
1.190925e-05 
1.190827e-05 
1.190730e-05 
1.190633e-05 
1.190536e-05 
1.190438e-05 
1.190341e-05 
1.190244e-05 
1.190147e-05 
1.190050e-05 
1.189952e-05 
1.189855e-05 
1.189758e-05 
1.189661e-05 
1.189564e-05 
1.189467e-05 
1.189370e-05 
1.189273e-05 
1.189175e-05 
1.189078e-05 
1.188981e-05 
1.188884e-05 
1.188787e-05 
1.188690e-05 
1.188593e-05 
1.188496e-05 
1.188399e-05 
1.188302e-05 
1.188205e-05 
1.188108e-05 
1.188011e-05 
1.187914e-05 
1.187818e-05 
1.187721e-05 
1.187624e-05 
1.187527e-05 
1.187430e-05 
1.187333e-05 
1.187236e-05 
1.187139e-05 
1.187043e-05 
1.186946e-05 
1.186849e-05 
1.186752e-05 
1.186655e-05 
1.186559e-05 
1.186462e-05 
1.186365e-05 
1.186268e-05 
1.186172e-05 
1.186075e-05 
1.185978e-05 
1.185882e-05 
1.185785e-05 
1.185688e-05 
1.185592e-05 
1.185495e-05 
1.185398e-05 
1.185302e-05 
1.185205e-05 
1.185109e-05 
1.185012e-05 
1.184915e-05 
1.184819e-05 
1.184722e-05 
1.184626e-05 
1.184529e-05 
1.184433e-05 
1.184336e-05 
1.184240e-05 
1.184143e-05 
1.184047e-05 
1.183950e-05 
1.183854e-05 
1.183757e-05 
1.183661e-05 
1.183565e-05 
1.183468e-05 
1.183372e-05 
1.183276e-05 
1.183179e-05 
1.183083e-05 
1.182986e-05 
1.182890e-05 
1.182794e-05 
1.182698e-05 
1.182601e-05 
1.182505e-05 
1.182409e-05 
1.182312e-05 
1.182216e-05 
1.182120e-05 
1.182024e-05 
1.181927e-05 
1.181831e-05 
1.181735e-05 
1.181639e-05 
1.181543e-05 
1.181447e-05 
1.181350e-05 
1.181254e-05 
1.181158e-05 
1.181062e-05 
1.180966e-05 
1.180870e-05 
1.180774e-05 
1.180678e-05 
1.180582e-05 
1.180486e-05 
1.180390e-05 
1.180294e-05 
1.180198e-05 
1.180102e-05 
1.180006e-05 
1.179910e-05 
1.179814e-05 
1.179718e-05 
1.179622e-05 
1.179526e-05 
1.179430e-05 
1.179334e-05 
1.179238e-05 
1.179142e-05 
1.179046e-05 
1.178951e-05 
1.178855e-05 
1.178759e-05 
1.178663e-05 
1.178567e-05 
1.178471e-05 
1.178376e-05 
1.178280e-05 
1.178184e-05 
1.178088e-05 
1.177993e-05 
1.177897e-05 
1.177801e-05 
1.177705e-05 
1.177610e-05 
1.177514e-05 
1.177418e-05 
1.177323e-05 
1.177227e-05 
1.177131e-05 
1.177036e-05 
1.176940e-05 
1.176845e-05 
1.176749e-05 
1.176653e-05 
1.176558e-05 
1.176462e-05 
1.176367e-05 
1.176271e-05 
1.176176e-05 
1.176080e-05 
1.175985e-05 
1.175889e-05 
1.175794e-05 
1.175698e-05 
1.175603e-05 
1.175507e-05 
1.175412e-05 
1.175316e-05 
1.175221e-05 
1.175126e-05 
1.175030e-05 
1.174935e-05 
1.174840e-05 
1.174744e-05 
1.174649e-05 
1.174553e-05 
1.174458e-05 
1.174363e-05 
1.174268e-05 
1.174172e-05 
1.174077e-05 
1.173982e-05 
1.173886e-05 
1.173791e-05 
1.173696e-05 
1.173601e-05 
1.173506e-05 
1.173410e-05 
1.173315e-05 
1.173220e-05 
1.173125e-05 
1.173030e-05 
1.172935e-05 
1.172839e-05 
1.172744e-05 
1.172649e-05 
1.172554e-05 
1.172459e-05 
1.172364e-05 
1.172269e-05 
1.172174e-05 
1.172079e-05 
1.171984e-05 
1.171889e-05 
1.171794e-05 
1.171699e-05 
1.171604e-05 
1.171509e-05 
1.171414e-05 
1.171319e-05 
1.171224e-05 
1.171129e-05 
1.171034e-05 
1.170939e-05 
1.170844e-05 
1.170749e-05 
1.170655e-05 
1.170560e-05 
1.170465e-05 
1.170370e-05 
1.170275e-05 
1.170180e-05 
1.170086e-05 
1.169991e-05 
1.169896e-05 
1.169801e-05 
1.169707e-05 
1.169612e-05 
1.169517e-05 
1.169422e-05 
1.169328e-05 
1.169233e-05 
1.169138e-05 
1.169044e-05 
1.168949e-05 
1.168854e-05 
1.168760e-05 
1.168665e-05 
1.168570e-05 
1.168476e-05 
1.168381e-05 
1.168287e-05 
1.168192e-05 
1.168097e-05 
1.168003e-05 
1.167908e-05 
1.167814e-05 
1.167719e-05 
1.167625e-05 
1.167530e-05 
1.167436e-05 
1.167341e-05 
1.167247e-05 
1.167152e-05 
1.167058e-05 
1.166964e-05 
1.166869e-05 
1.166775e-05 
1.166680e-05 
1.166586e-05 
1.166492e-05 
1.166397e-05 
1.166303e-05 
1.166208e-05 
1.166114e-05 
1.166020e-05 
1.165926e-05 
1.165831e-05 
1.165737e-05 
1.165643e-05 
1.165548e-05 
1.165454e-05 
1.165360e-05 
1.165266e-05 
1.165171e-05 
1.165077e-05 
1.164983e-05 
1.164889e-05 
1.164795e-05 
1.164701e-05 
1.164606e-05 
1.164512e-05 
1.164418e-05 
1.164324e-05 
1.164230e-05 
1.164136e-05 
1.164042e-05 
1.163948e-05 
1.163854e-05 
1.163760e-05 
1.163666e-05 
1.163572e-05 
1.163478e-05 
1.163384e-05 
1.163290e-05 
1.163196e-05 
1.163102e-05 
1.163008e-05 
1.162914e-05 
1.162820e-05 
1.162726e-05 
1.162632e-05 
1.162538e-05 
1.162444e-05 
1.162350e-05 
1.162256e-05 
1.162162e-05 
1.162069e-05 
1.161975e-05 
1.161881e-05 
1.161787e-05 
1.161693e-05 
1.161600e-05 
1.161506e-05 
1.161412e-05 
1.161318e-05 
1.161224e-05 
1.161131e-05 
1.161037e-05 
1.160943e-05 
1.160850e-05 
1.160756e-05 
1.160662e-05 
1.160569e-05 
1.160475e-05 
1.160381e-05 
1.160288e-05 
1.160194e-05 
1.160100e-05 
1.160007e-05 
1.159913e-05 
1.159820e-05 
1.159726e-05 
1.159632e-05 
1.159539e-05 
1.159445e-05 
1.159352e-05 
1.159258e-05 
1.159165e-05 
1.159071e-05 
1.158978e-05 
1.158884e-05 
1.158791e-05 
1.158697e-05 
1.158604e-05 
1.158511e-05 
1.158417e-05 
1.158324e-05 
1.158230e-05 
1.158137e-05 
1.158044e-05 
1.157950e-05 
1.157857e-05 
1.157764e-05 
1.157670e-05 
1.157577e-05 
1.157484e-05 
1.157390e-05 
1.157297e-05 
1.157204e-05 
1.157111e-05 
1.157017e-05 
1.156924e-05 
1.156831e-05 
1.156738e-05 
1.156644e-05 
1.156551e-05 
1.156458e-05 
1.156365e-05 
1.156272e-05 
1.156179e-05 
1.156085e-05 
1.155992e-05 
1.155899e-05 
1.155806e-05 
1.155713e-05 
1.155620e-05 
1.155527e-05 
1.155434e-05 
1.155341e-05 
1.155248e-05 
1.155155e-05 
1.155062e-05 
1.154969e-05 
1.154876e-05 
1.154783e-05 
1.154690e-05 
1.154597e-05 
1.154504e-05 
1.154411e-05 
1.154318e-05 
1.154225e-05 
1.154132e-05 
1.154039e-05 
1.153946e-05 
1.153853e-05 
1.153761e-05 
1.153668e-05 
1.153575e-05 
1.153482e-05 
1.153389e-05 
1.153296e-05 
1.153204e-05 
1.153111e-05 
1.153018e-05 
1.152925e-05 
1.152832e-05 
1.152740e-05 
1.152647e-05 
1.152554e-05 
1.152462e-05 
1.152369e-05 
1.152276e-05 
1.152184e-05 
1.152091e-05 
1.151998e-05 
1.151906e-05 
1.151813e-05 
1.151720e-05 
1.151628e-05 
1.151535e-05 
1.151442e-05 
1.151350e-05 
1.151257e-05 
1.151165e-05 
1.151072e-05 
1.150980e-05 
1.150887e-05 
1.150795e-05 
1.150702e-05 
1.150610e-05 
1.150517e-05 
1.150425e-05 
1.150332e-05 
1.150240e-05 
1.150147e-05 
1.150055e-05 
1.149963e-05 
1.149870e-05 
1.149778e-05 
1.149685e-05 
1.149593e-05 
1.149501e-05 
1.149408e-05 
1.149316e-05 
1.149224e-05 
1.149131e-05 
1.149039e-05 
1.148947e-05 
1.148854e-05 
1.148762e-05 
1.148670e-05 
1.148578e-05 
1.148485e-05 
1.148393e-05 
1.148301e-05 
1.148209e-05 
1.148117e-05 
1.148024e-05 
1.147932e-05 
1.147840e-05 
1.147748e-05 
1.147656e-05 
1.147564e-05 
1.147471e-05 
1.147379e-05 
1.147287e-05 
1.147195e-05 
1.147103e-05 
1.147011e-05 
1.146919e-05 
1.146827e-05 
1.146735e-05 
1.146643e-05 
1.146551e-05 
1.146459e-05 
1.146367e-05 
1.146275e-05 
1.146183e-05 
1.146091e-05 
1.145999e-05 
1.145907e-05 
1.145815e-05 
1.145723e-05 
1.145631e-05 
1.145539e-05 
1.145448e-05 
1.145356e-05 
1.145264e-05 
1.145172e-05 
1.145080e-05 
1.144988e-05 
1.144896e-05 
1.144805e-05 
1.144713e-05 
1.144621e-05 
1.144529e-05 
1.144438e-05 
1.144346e-05 
1.144254e-05 
1.144162e-05 
1.144071e-05 
1.143979e-05 
1.143887e-05 
1.143795e-05 
1.143704e-05 
1.143612e-05 
1.143520e-05 
1.143429e-05 
1.143337e-05 
1.143246e-05 
1.143154e-05 
1.143062e-05 
1.142971e-05 
1.142879e-05 
1.142788e-05 
1.142696e-05 
1.142605e-05 
1.142513e-05 
1.142421e-05 
1.142330e-05 
1.142238e-05 
1.142147e-05 
1.142055e-05 
1.141964e-05 
1.141873e-05 
1.141781e-05 
1.141690e-05 
1.141598e-05 
1.141507e-05 
1.141415e-05 
1.141324e-05 
1.141233e-05 
1.141141e-05 
1.141050e-05 
1.140959e-05 
1.140867e-05 
1.140776e-05 
1.140685e-05 
1.140593e-05 
1.140502e-05 
1.140411e-05 
1.140319e-05 
1.140228e-05 
1.140137e-05 
1.140046e-05 
1.139954e-05 
1.139863e-05 
1.139772e-05 
1.139681e-05 
1.139589e-05 
1.139498e-05 
1.139407e-05 
1.139316e-05 
1.139225e-05 
1.139134e-05 
1.139043e-05 
1.138951e-05 
1.138860e-05 
1.138769e-05 
1.138678e-05 
1.138587e-05 
1.138496e-05 
1.138405e-05 
1.138314e-05 
1.138223e-05 
1.138132e-05 
1.138041e-05 
1.137950e-05 
1.137859e-05 
1.137768e-05 
1.137677e-05 
1.137586e-05 
1.137495e-05 
1.137404e-05 
1.137313e-05 
1.137222e-05 
1.137131e-05 
1.137040e-05 
1.136950e-05 
1.136859e-05 
1.136768e-05 
1.136677e-05 
1.136586e-05 
1.136495e-05 
1.136405e-05 
1.136314e-05 
1.136223e-05 
1.136132e-05 
1.136041e-05 
1.135951e-05 
1.135860e-05 
1.135769e-05 
1.135678e-05 
1.135588e-05 
1.135497e-05 
1.135406e-05 
1.135316e-05 
1.135225e-05 
1.135134e-05 
1.135044e-05 
1.134953e-05 
1.134862e-05 
1.134772e-05 
1.134681e-05 
1.134590e-05 
1.134500e-05 
1.134409e-05 
1.134319e-05 
1.134228e-05 
1.134138e-05 
1.134047e-05 
1.133956e-05 
1.133866e-05 
1.133775e-05 
1.133685e-05 
1.133594e-05 
1.133504e-05 
1.133413e-05 
1.133323e-05 
1.133233e-05 
1.133142e-05 
1.133052e-05 
1.132961e-05 
1.132871e-05 
1.132781e-05 
1.132690e-05 
1.132600e-05 
1.132509e-05 
1.132419e-05 
1.132329e-05 
1.132238e-05 
1.132148e-05 
1.132058e-05 
1.131967e-05 
1.131877e-05 
1.131787e-05 
1.131697e-05 
1.131606e-05 
1.131516e-05 
1.131426e-05 
1.131336e-05 
1.131245e-05 
1.131155e-05 
1.131065e-05 
1.130975e-05 
1.130885e-05 
1.130795e-05 
1.130704e-05 
1.130614e-05 
1.130524e-05 
1.130434e-05 
1.130344e-05 
1.130254e-05 
1.130164e-05 
1.130074e-05 
1.129984e-05 
1.129894e-05 
1.129804e-05 
1.129713e-05 
1.129623e-05 
1.129533e-05 
1.129443e-05 
1.129353e-05 
1.129263e-05 
1.129174e-05 
1.129084e-05 
1.128994e-05 
1.128904e-05 
1.128814e-05 
1.128724e-05 
1.128634e-05 
1.128544e-05 
1.128454e-05 
1.128364e-05 
1.128274e-05 
1.128185e-05 
1.128095e-05 
1.128005e-05 
1.127915e-05 
1.127825e-05 
1.127735e-05 
1.127646e-05 
1.127556e-05 
1.127466e-05 
1.127376e-05 
1.127287e-05 
1.127197e-05 
1.127107e-05 
1.127017e-05 
1.126928e-05 
1.126838e-05 
1.126748e-05 
1.126659e-05 
1.126569e-05 
1.126479e-05 
1.126390e-05 
1.126300e-05 
1.126210e-05 
1.126121e-05 
1.126031e-05 
1.125942e-05 
1.125852e-05 
1.125762e-05 
1.125673e-05 
1.125583e-05 
1.125494e-05 
1.125404e-05 
1.125315e-05 
1.125225e-05 
1.125136e-05 
1.125046e-05 
1.124957e-05 
1.124867e-05 
1.124778e-05 
1.124688e-05 
1.124599e-05 
1.124510e-05 
1.124420e-05 
1.124331e-05 
1.124241e-05 
1.124152e-05 
1.124063e-05 
1.123973e-05 
1.123884e-05 
1.123795e-05 
1.123705e-05 
1.123616e-05 
1.123527e-05 
1.123437e-05 
1.123348e-05 
1.123259e-05 
1.123170e-05 
1.123080e-05 
1.122991e-05 
1.122902e-05 
1.122813e-05 
1.122723e-05 
1.122634e-05 
1.122545e-05 
1.122456e-05 
1.122367e-05 
1.122277e-05 
1.122188e-05 
1.122099e-05 
1.122010e-05 
1.121921e-05 
1.121832e-05 
1.121743e-05 
1.121654e-05 
1.121564e-05 
1.121475e-05 
1.121386e-05 
1.121297e-05 
1.121208e-05 
1.121119e-05 
1.121030e-05 
1.120941e-05 
1.120852e-05 
1.120763e-05 
1.120674e-05 
1.120585e-05 
1.120496e-05 
1.120407e-05 
1.120318e-05 
1.120230e-05 
1.120141e-05 
1.120052e-05 
1.119963e-05 
1.119874e-05 
1.119785e-05 
1.119696e-05 
1.119607e-05 
1.119519e-05 
1.119430e-05 
1.119341e-05 
1.119252e-05 
1.119163e-05 
1.119075e-05 
1.118986e-05 
1.118897e-05 
1.118808e-05 
1.118719e-05 
1.118631e-05 
1.118542e-05 
1.118453e-05 
1.118365e-05 
1.118276e-05 
1.118187e-05 
1.118099e-05 
1.118010e-05 
1.117921e-05 
1.117833e-05 
1.117744e-05 
1.117655e-05 
1.117567e-05 
1.117478e-05 
1.117389e-05 
1.117301e-05 
1.117212e-05 
1.117124e-05 
1.117035e-05 
1.116947e-05 
1.116858e-05 
1.116770e-05 
1.116681e-05 
1.116593e-05 
1.116504e-05 
1.116416e-05 
1.116327e-05 
1.116239e-05 
1.116150e-05 
1.116062e-05 
1.115973e-05 
1.115885e-05 
1.115797e-05 
1.115708e-05 
1.115620e-05 
1.115531e-05 
1.115443e-05 
1.115355e-05 
1.115266e-05 
1.115178e-05 
1.115090e-05 
1.115001e-05 
1.114913e-05 
1.114825e-05 
1.114737e-05 
1.114648e-05 
1.114560e-05 
1.114472e-05 
1.114384e-05 
1.114295e-05 
1.114207e-05 
1.114119e-05 
1.114031e-05 
1.113942e-05 
1.113854e-05 
1.113766e-05 
1.113678e-05 
1.113590e-05 
1.113502e-05 
1.113414e-05 
1.113325e-05 
1.113237e-05 
1.113149e-05 
1.113061e-05 
1.112973e-05 
1.112885e-05 
1.112797e-05 
1.112709e-05 
1.112621e-05 
1.112533e-05 
1.112445e-05 
1.112357e-05 
1.112269e-05 
1.112181e-05 
1.112093e-05 
1.112005e-05 
1.111917e-05 
1.111829e-05 
1.111741e-05 
1.111653e-05 
1.111565e-05 
1.111477e-05 
1.111389e-05 
1.111302e-05 
1.111214e-05 
1.111126e-05 
1.111038e-05 
1.110950e-05 
1.110862e-05 
1.110774e-05 
1.110687e-05 
1.110599e-05 
1.110511e-05 
1.110423e-05 
1.110336e-05 
1.110248e-05 
1.110160e-05 
1.110072e-05 
1.109985e-05 
1.109897e-05 
1.109809e-05 
1.109721e-05 
1.109634e-05 
1.109546e-05 
1.109458e-05 
1.109371e-05 
1.109283e-05 
1.109195e-05 
1.109108e-05 
1.109020e-05 
1.108933e-05 
1.108845e-05 
1.108757e-05 
1.108670e-05 
1.108582e-05 
1.108495e-05 
1.108407e-05 
1.108320e-05 
1.108232e-05 
1.108145e-05 
1.108057e-05 
1.107970e-05 
1.107882e-05 
1.107795e-05 
1.107707e-05 
1.107620e-05 
1.107532e-05 
1.107445e-05 
1.107357e-05 
1.107270e-05 
1.107183e-05 
1.107095e-05 
1.107008e-05 
1.106920e-05 
1.106833e-05 
1.106746e-05 
1.106658e-05 
1.106571e-05 
1.106484e-05 
1.106396e-05 
1.106309e-05 
1.106222e-05 
1.106135e-05 
1.106047e-05 
1.105960e-05 
1.105873e-05 
1.105786e-05 
1.105698e-05 
1.105611e-05 
1.105524e-05 
1.105437e-05 
1.105350e-05 
1.105262e-05 
1.105175e-05 
1.105088e-05 
1.105001e-05 
1.104914e-05 
1.104827e-05 
1.104739e-05 
1.104652e-05 
1.104565e-05 
1.104478e-05 
1.104391e-05 
1.104304e-05 
1.104217e-05 
1.104130e-05 
1.104043e-05 
1.103956e-05 
1.103869e-05 
1.103782e-05 
1.103695e-05 
1.103608e-05 
1.103521e-05 
1.103434e-05 
1.103347e-05 
1.103260e-05 
1.103173e-05 
1.103086e-05 
1.102999e-05 
1.102912e-05 
1.102825e-05 
1.102739e-05 
1.102652e-05 
1.102565e-05 
1.102478e-05 
1.102391e-05 
1.102304e-05 
1.102217e-05 
1.102131e-05 
1.102044e-05 
1.101957e-05 
1.101870e-05 
1.101783e-05 
1.101697e-05 
1.101610e-05 
1.101523e-05 
1.101436e-05 
1.101350e-05 
1.101263e-05 
1.101176e-05 
1.101090e-05 
1.101003e-05 
1.100916e-05 
1.100830e-05 
1.100743e-05 
1.100656e-05 
1.100570e-05 
1.100483e-05 
1.100396e-05 
1.100310e-05 
1.100223e-05 
1.100137e-05 
1.100050e-05 
1.099963e-05 
1.099877e-05 
1.099790e-05 
1.099704e-05 
1.099617e-05 
1.099531e-05 
1.099444e-05 
1.099358e-05 
1.099271e-05 
1.099185e-05 
1.099098e-05 
1.099012e-05 
1.098925e-05 
1.098839e-05 
1.098753e-05 
1.098666e-05 
1.098580e-05 
1.098493e-05 
1.098407e-05 
1.098321e-05 
1.098234e-05 
1.098148e-05 
1.098062e-05 
1.097975e-05 
1.097889e-05 
1.097803e-05 
1.097716e-05 
1.097630e-05 
1.097544e-05 
1.097457e-05 
1.097371e-05 
1.097285e-05 
1.097199e-05 
1.097112e-05 
1.097026e-05 
1.096940e-05 
1.096854e-05 
1.096768e-05 
1.096681e-05 
1.096595e-05 
1.096509e-05 
1.096423e-05 
1.096337e-05 
1.096251e-05 
1.096165e-05 
1.096078e-05 
1.095992e-05 
1.095906e-05 
1.095820e-05 
1.095734e-05 
1.095648e-05 
1.095562e-05 
1.095476e-05 
1.095390e-05 
1.095304e-05 
1.095218e-05 
1.095132e-05 
1.095046e-05 
1.094960e-05 
1.094874e-05 
1.094788e-05 
1.094702e-05 
1.094616e-05 
1.094530e-05 
1.094444e-05 
1.094358e-05 
1.094272e-05 
1.094186e-05 
1.094101e-05 
1.094015e-05 
1.093929e-05 
1.093843e-05 
1.093757e-05 
1.093671e-05 
1.093585e-05 
1.093500e-05 
1.093414e-05 
1.093328e-05 
1.093242e-05 
1.093156e-05 
1.093071e-05 
1.092985e-05 
1.092899e-05 
1.092813e-05 
1.092728e-05 
1.092642e-05 
1.092556e-05 
1.092471e-05 
1.092385e-05 
1.092299e-05 
1.092214e-05 
1.092128e-05 
1.092042e-05 
1.091957e-05 
1.091871e-05 
1.091785e-05 
1.091700e-05 
1.091614e-05 
1.091529e-05 
1.091443e-05 
1.091357e-05 
1.091272e-05 
1.091186e-05 
1.091101e-05 
1.091015e-05 
1.090930e-05 
1.090844e-05 
1.090759e-05 
1.090673e-05 
1.090588e-05 
1.090502e-05 
1.090417e-05 
1.090331e-05 
1.090246e-05 
1.090160e-05 
1.090075e-05 
1.089990e-05 
1.089904e-05 
1.089819e-05 
1.089733e-05 
1.089648e-05 
1.089563e-05 
1.089477e-05 
1.089392e-05 
1.089307e-05 
1.089221e-05 
1.089136e-05 
1.089051e-05 
1.088966e-05 
1.088880e-05 
1.088795e-05 
1.088710e-05 
1.088624e-05 
1.088539e-05 
1.088454e-05 
1.088369e-05 
1.088284e-05 
1.088198e-05 
1.088113e-05 
1.088028e-05 
1.087943e-05 
1.087858e-05 
1.087772e-05 
1.087687e-05 
1.087602e-05 
1.087517e-05 
1.087432e-05 
1.087347e-05 
1.087262e-05 
1.087177e-05 
1.087092e-05 
1.087006e-05 
1.086921e-05 
1.086836e-05 
1.086751e-05 
1.086666e-05 
1.086581e-05 
1.086496e-05 
1.086411e-05 
1.086326e-05 
1.086241e-05 
1.086156e-05 
1.086071e-05 
1.085986e-05 
1.085902e-05 
1.085817e-05 
1.085732e-05 
1.085647e-05 
1.085562e-05 
1.085477e-05 
1.085392e-05 
1.085307e-05 
1.085222e-05 
1.085138e-05 
1.085053e-05 
1.084968e-05 
1.084883e-05 
1.084798e-05 
1.084713e-05 
1.084629e-05 
1.084544e-05 
1.084459e-05 
1.084374e-05 
1.084290e-05 
1.084205e-05 
1.084120e-05 
1.084035e-05 
1.083951e-05 
1.083866e-05 
1.083781e-05 
1.083697e-05 
1.083612e-05 
1.083527e-05 
1.083443e-05 
1.083358e-05 
1.083273e-05 
1.083189e-05 
1.083104e-05 
1.083019e-05 
1.082935e-05 
1.082850e-05 
1.082766e-05 
1.082681e-05 
1.082597e-05 
1.082512e-05 
1.082427e-05 
1.082343e-05 
1.082258e-05 
1.082174e-05 
1.082089e-05 
1.082005e-05 
1.081920e-05 
1.081836e-05 
1.081751e-05 
1.081667e-05 
1.081583e-05 
1.081498e-05 
1.081414e-05 
1.081329e-05 
1.081245e-05 
1.081161e-05 
1.081076e-05 
1.080992e-05 
1.080907e-05 
1.080823e-05 
1.080739e-05 
1.080654e-05 
1.080570e-05 
1.080486e-05 
1.080401e-05 
1.080317e-05 
1.080233e-05 
1.080149e-05 
1.080064e-05 
1.079980e-05 
1.079896e-05 
1.079812e-05 
1.079728e-05 
1.079643e-05 
1.079559e-05 
1.079475e-05 
1.079391e-05 
1.079307e-05 
1.079223e-05 
1.079138e-05 
1.079054e-05 
1.078970e-05 
1.078886e-05 
1.078802e-05 
1.078718e-05 
1.078634e-05 
1.078550e-05 
1.078466e-05 
1.078382e-05 
1.078298e-05 
1.078214e-05 
1.078130e-05 
1.078046e-05 
1.077962e-05 
1.077878e-05 
1.077794e-05 
1.077710e-05 
1.077626e-05 
1.077542e-05 
1.077458e-05 
1.077374e-05 
1.077290e-05 
1.077206e-05 
1.077122e-05 
1.077038e-05 
1.076955e-05 
1.076871e-05 
1.076787e-05 
1.076703e-05 
1.076619e-05 
1.076535e-05 
1.076452e-05 
1.076368e-05 
1.076284e-05 
1.076200e-05 
1.076116e-05 
1.076033e-05 
1.075949e-05 
1.075865e-05 
1.075781e-05 
1.075698e-05 
1.075614e-05 
1.075530e-05 
1.075447e-05 
1.075363e-05 
1.075279e-05 
1.075195e-05 
1.075112e-05 
1.075028e-05 
1.074945e-05 
1.074861e-05 
1.074777e-05 
1.074694e-05 
1.074610e-05 
1.074526e-05 
1.074443e-05 
1.074359e-05 
1.074276e-05 
1.074192e-05 
1.074109e-05 
1.074025e-05 
1.073942e-05 
1.073858e-05 
1.073775e-05 
1.073691e-05 
1.073608e-05 
1.073524e-05 
1.073441e-05 
1.073357e-05 
1.073274e-05 
1.073190e-05 
1.073107e-05 
1.073023e-05 
1.072940e-05 
1.072857e-05 
1.072773e-05 
1.072690e-05 
1.072606e-05 
1.072523e-05 
1.072440e-05 
1.072356e-05 
1.072273e-05 
1.072190e-05 
1.072106e-05 
1.072023e-05 
1.071940e-05 
1.071856e-05 
1.071773e-05 
1.071690e-05 
1.071607e-05 
1.071523e-05 
1.071440e-05 
1.071357e-05 
1.071274e-05 
1.071190e-05 
1.071107e-05 
1.071024e-05 
1.070941e-05 
1.070858e-05 
1.070775e-05 
1.070691e-05 
1.070608e-05 
1.070525e-05 
1.070442e-05 
1.070359e-05 
1.070276e-05 
1.070193e-05 
1.070110e-05 
1.070026e-05 
1.069943e-05 
1.069860e-05 
1.069777e-05 
1.069694e-05 
1.069611e-05 
1.069528e-05 
1.069445e-05 
1.069362e-05 
1.069279e-05 
1.069196e-05 
1.069113e-05 
1.069030e-05 
1.068947e-05 
1.068864e-05 
1.068781e-05 
1.068699e-05 
1.068616e-05 
1.068533e-05 
1.068450e-05 
1.068367e-05 
1.068284e-05 
1.068201e-05 
1.068118e-05 
1.068035e-05 
1.067953e-05 
1.067870e-05 
1.067787e-05 
1.067704e-05 
1.067621e-05 
1.067539e-05 
1.067456e-05 
1.067373e-05 
1.067290e-05 
1.067207e-05 
1.067125e-05 
1.067042e-05 
1.066959e-05 
1.066877e-05 
1.066794e-05 
1.066711e-05 
1.066628e-05 
1.066546e-05 
1.066463e-05 
1.066380e-05 
1.066298e-05 
1.066215e-05 
1.066132e-05 
1.066050e-05 
1.065967e-05 
1.065885e-05 
1.065802e-05 
1.065719e-05 
1.065637e-05 
1.065554e-05 
1.065472e-05 
1.065389e-05 
1.065307e-05 
1.065224e-05 
1.065142e-05 
1.065059e-05 
1.064977e-05 
1.064894e-05 
1.064812e-05 
1.064729e-05 
1.064647e-05 
1.064564e-05 
1.064482e-05 
1.064399e-05 
1.064317e-05 
1.064234e-05 
1.064152e-05 
1.064070e-05 
1.063987e-05 
1.063905e-05 
1.063823e-05 
1.063740e-05 
1.063658e-05 
1.063575e-05 
1.063493e-05 
1.063411e-05 
1.063329e-05 
1.063246e-05 
1.063164e-05 
1.063082e-05 
1.062999e-05 
1.062917e-05 
1.062835e-05 
1.062753e-05 
1.062670e-05 
1.062588e-05 
1.062506e-05 
1.062424e-05 
1.062341e-05 
1.062259e-05 
1.062177e-05 
1.062095e-05 
1.062013e-05 
1.061931e-05 
1.061848e-05 
1.061766e-05 
1.061684e-05 
1.061602e-05 
1.061520e-05 
1.061438e-05 
1.061356e-05 
1.061274e-05 
1.061192e-05 
1.061110e-05 
1.061028e-05 
1.060945e-05 
1.060863e-05 
1.060781e-05 
1.060699e-05 
1.060617e-05 
1.060535e-05 
1.060453e-05 
1.060371e-05 
1.060289e-05 
1.060208e-05 
1.060126e-05 
1.060044e-05 
1.059962e-05 
1.059880e-05 
1.059798e-05 
1.059716e-05 
1.059634e-05 
1.059552e-05 
1.059470e-05 
1.059388e-05 
1.059307e-05 
1.059225e-05 
1.059143e-05 
1.059061e-05 
1.058979e-05 
1.058897e-05 
1.058816e-05 
1.058734e-05 
1.058652e-05 
1.058570e-05 
1.058489e-05 
1.058407e-05 
1.058325e-05 
1.058243e-05 
1.058162e-05 
1.058080e-05 
1.057998e-05 
1.057917e-05 
1.057835e-05 
1.057753e-05 
1.057671e-05 
1.057590e-05 
1.057508e-05 
1.057427e-05 
1.057345e-05 
1.057263e-05 
1.057182e-05 
1.057100e-05 
1.057018e-05 
1.056937e-05 
1.056855e-05 
1.056774e-05 
1.056692e-05 
1.056611e-05 
1.056529e-05 
1.056448e-05 
1.056366e-05 
1.056285e-05 
1.056203e-05 
1.056122e-05 
1.056040e-05 
1.055959e-05 
1.055877e-05 
1.055796e-05 
1.055714e-05 
1.055633e-05 
1.055551e-05 
1.055470e-05 
1.055389e-05 
1.055307e-05 
1.055226e-05 
1.055144e-05 
1.055063e-05 
1.054982e-05 
1.054900e-05 
1.054819e-05 
1.054738e-05 
1.054656e-05 
1.054575e-05 
1.054494e-05 
1.054412e-05 
1.054331e-05 
1.054250e-05 
1.054169e-05 
1.054087e-05 
1.054006e-05 
1.053925e-05 
1.053844e-05 
1.053762e-05 
1.053681e-05 
1.053600e-05 
1.053519e-05 
1.053438e-05 
1.053356e-05 
1.053275e-05 
1.053194e-05 
1.053113e-05 
1.053032e-05 
1.052951e-05 
1.052869e-05 
1.052788e-05 
1.052707e-05 
1.052626e-05 
1.052545e-05 
1.052464e-05 
1.052383e-05 
1.052302e-05 
1.052221e-05 
1.052140e-05 
1.052059e-05 
1.051978e-05 
1.051897e-05 
1.051816e-05 
1.051735e-05 
1.051654e-05 
1.051573e-05 
1.051492e-05 
1.051411e-05 
1.051330e-05 
1.051249e-05 
1.051168e-05 
1.051087e-05 
1.051006e-05 
1.050925e-05 
1.050844e-05 
1.050764e-05 
1.050683e-05 
1.050602e-05 
1.050521e-05 
1.050440e-05 
1.050359e-05 
1.050278e-05 
1.050198e-05 
1.050117e-05 
1.050036e-05 
1.049955e-05 
1.049874e-05 
1.049794e-05 
1.049713e-05 
1.049632e-05 
1.049551e-05 
1.049471e-05 
1.049390e-05 
1.049309e-05 
1.049228e-05 
1.049148e-05 
1.049067e-05 
1.048986e-05 
1.048906e-05 
1.048825e-05 
1.048744e-05 
1.048664e-05 
1.048583e-05 
1.048503e-05 
1.048422e-05 
1.048341e-05 
1.048261e-05 
1.048180e-05 
1.048100e-05 
1.048019e-05 
1.047938e-05 
1.047858e-05 
1.047777e-05 
1.047697e-05 
1.047616e-05 
1.047536e-05 
1.047455e-05 
1.047375e-05 
1.047294e-05 
1.047214e-05 
1.047133e-05 
1.047053e-05 
1.046972e-05 
1.046892e-05 
1.046811e-05 
8.305647e-07 
8.304401e-07 
8.303156e-07 
8.301911e-07 
8.300666e-07 
8.299422e-07 
8.298177e-07 
8.296933e-07 
8.295689e-07 
8.294446e-07 
8.293202e-07 
8.291959e-07 
8.290716e-07 
8.289474e-07 
8.288231e-07 
8.286989e-07 
8.285747e-07 
8.284505e-07 
8.283264e-07 
8.282023e-07 
8.280782e-07 
8.279541e-07 
8.278301e-07 
8.277060e-07 
8.275820e-07 
8.274580e-07 
8.273341e-07 
8.272102e-07 
8.270862e-07 
8.269624e-07 
8.268385e-07 
8.267147e-07 
8.265909e-07 
8.264671e-07 
8.263433e-07 
8.262196e-07 
8.260958e-07 
8.259722e-07 
8.258485e-07 
8.257248e-07 
8.256012e-07 
8.254776e-07 
8.253540e-07 
8.252305e-07 
8.251070e-07 
8.249835e-07 
8.248600e-07 
8.247365e-07 
8.246131e-07 
8.244897e-07 
8.243663e-07 
8.242429e-07 
8.241196e-07 
8.239963e-07 
8.238730e-07 
8.237497e-07 
8.236265e-07 
8.235033e-07 
8.233801e-07 
8.232569e-07 
8.231338e-07 
8.230106e-07 
8.228875e-07 
8.227645e-07 
8.226414e-07 
8.225184e-07 
8.223954e-07 
8.222724e-07 
8.221494e-07 
8.220265e-07 
8.219036e-07 
8.217807e-07 
8.216578e-07 
8.215350e-07 
8.214122e-07 
8.212894e-07 
8.211666e-07 
8.210439e-07 
8.209211e-07 
8.207984e-07 
8.206758e-07 
8.205531e-07 
8.204305e-07 
8.203079e-07 
8.201853e-07 
8.200627e-07 
8.199402e-07 
8.198177e-07 
8.196952e-07 
8.195727e-07 
8.194503e-07 
8.193279e-07 
8.192055e-07 
8.190831e-07 
8.189608e-07 
8.188384e-07 
8.187161e-07 
8.185939e-07 
8.184716e-07 
8.183494e-07 
8.182272e-07 
8.181050e-07 
8.179828e-07 
8.178607e-07 
8.177386e-07 
8.176165e-07 
8.174944e-07 
8.173724e-07 
8.172504e-07 
8.171284e-07 
8.170064e-07 
8.168844e-07 
8.167625e-07 
8.166406e-07 
8.165187e-07 
8.163969e-07 
8.162750e-07 
8.161532e-07 
8.160315e-07 
8.159097e-07 
8.157879e-07 
8.156662e-07 
8.155445e-07 
8.154229e-07 
8.153012e-07 
8.151796e-07 
8.150580e-07 
8.149364e-07 
8.148149e-07 
8.146933e-07 
8.145718e-07 
8.144504e-07 
8.143289e-07 
8.142075e-07 
8.140860e-07 
8.139647e-07 
8.138433e-07 
8.137219e-07 
8.136006e-07 
8.134793e-07 
8.133581e-07 
8.132368e-07 
8.131156e-07 
8.129944e-07 
8.128732e-07 
8.127520e-07 
8.126309e-07 
8.125098e-07 
8.123887e-07 
8.122676e-07 
8.121466e-07 
8.120256e-07 
8.119046e-07 
8.117836e-07 
8.116627e-07 
8.115417e-07 
8.114208e-07 
8.112999e-07 
8.111791e-07 
8.110583e-07 
8.109374e-07 
8.108167e-07 
8.106959e-07 
8.105751e-07 
8.104544e-07 
8.103337e-07 
8.102131e-07 
8.100924e-07 
8.099718e-07 
8.098512e-07 
8.097306e-07 
8.096100e-07 
8.094895e-07 
8.093690e-07 
8.092485e-07 
8.091280e-07 
8.090076e-07 
8.088872e-07 
8.087668e-07 
8.086464e-07 
8.085261e-07 
8.084057e-07 
8.082854e-07 
8.081652e-07 
8.080449e-07 
8.079247e-07 
8.078044e-07 
8.076843e-07 
8.075641e-07 
8.074439e-07 
8.073238e-07 
8.072037e-07 
8.070837e-07 
8.069636e-07 
8.068436e-07 
8.067236e-07 
8.066036e-07 
8.064836e-07 
8.063637e-07 
8.062438e-07 
8.061239e-07 
8.060040e-07 
8.058842e-07 
8.057643e-07 
8.056445e-07 
8.055248e-07 
8.054050e-07 
8.052853e-07 
8.051656e-07 
8.050459e-07 
8.049262e-07 
8.048066e-07 
8.046870e-07 
8.045674e-07 
8.044478e-07 
8.043283e-07 
8.042087e-07 
8.040892e-07 
8.039697e-07 
8.038503e-07 
8.037309e-07 
8.036114e-07 
8.034921e-07 
8.033727e-07 
8.032533e-07 
8.031340e-07 
8.030147e-07 
8.028954e-07 
8.027762e-07 
8.026570e-07 
8.025378e-07 
8.024186e-07 
8.022994e-07 
8.021803e-07 
8.020612e-07 
8.019421e-07 
8.018230e-07 
8.017039e-07 
8.015849e-07 
8.014659e-07 
8.013469e-07 
8.012280e-07 
8.011090e-07 
8.009901e-07 
8.008712e-07 
8.007524e-07 
8.006335e-07 
8.005147e-07 
8.003959e-07 
8.002771e-07 
8.001584e-07 
8.000396e-07 
7.999209e-07 
7.998023e-07 
7.996836e-07 
7.995649e-07 
7.994463e-07 
7.993277e-07 
7.992092e-07 
7.990906e-07 
7.989721e-07 
7.988536e-07 
7.987351e-07 
7.986166e-07 
7.984982e-07 
7.983798e-07 
7.982614e-07 
7.981430e-07 
7.980247e-07 
7.979063e-07 
7.977880e-07 
7.976698e-07 
7.975515e-07 
7.974333e-07 
7.973151e-07 
7.971969e-07 
7.970787e-07 
7.969606e-07 
7.968424e-07 
7.967243e-07 
7.966063e-07 
7.964882e-07 
7.963702e-07 
7.962522e-07 
7.961342e-07 
7.960162e-07 
7.958983e-07 
7.957803e-07 
7.956624e-07 
7.955446e-07 
7.954267e-07 
7.953089e-07 
7.951911e-07 
7.950733e-07 
7.949555e-07 
7.948378e-07 
7.947201e-07 
7.946024e-07 
7.944847e-07 
7.943670e-07 
7.942494e-07 
7.941318e-07 
7.940142e-07 
7.938967e-07 
7.937791e-07 
7.936616e-07 
7.935441e-07 
7.934266e-07 
7.933092e-07 
7.931918e-07 
7.930743e-07 
7.929570e-07 
7.928396e-07 
7.927223e-07 
7.926049e-07 
7.924877e-07 
7.923704e-07 
7.922531e-07 
7.921359e-07 
7.920187e-07 
7.919015e-07 
7.917844e-07 
7.916672e-07 
7.915501e-07 
7.914330e-07 
7.913159e-07 
7.911989e-07 
7.910819e-07 
7.909648e-07 
7.908479e-07 
7.907309e-07 
7.906140e-07 
7.904970e-07 
7.903802e-07 
7.902633e-07 
7.901464e-07 
7.900296e-07 
7.899128e-07 
7.897960e-07 
7.896793e-07 
7.895625e-07 
7.894458e-07 
7.893291e-07 
7.892124e-07 
7.890958e-07 
7.889791e-07 
7.888625e-07 
7.887460e-07 
7.886294e-07 
7.885129e-07 
7.883963e-07 
7.882798e-07 
7.881634e-07 
7.880469e-07 
7.879305e-07 
7.878141e-07 
7.876977e-07 
7.875813e-07 
7.874650e-07 
7.873487e-07 
7.872324e-07 
7.871161e-07 
7.869998e-07 
7.868836e-07 
7.867674e-07 
7.866512e-07 
7.865351e-07 
7.864189e-07 
7.863028e-07 
7.861867e-07 
7.860706e-07 
7.859546e-07 
7.858385e-07 
7.857225e-07 
7.856065e-07 
7.854906e-07 
7.853746e-07 
7.852587e-07 
7.851428e-07 
7.850269e-07 
7.849111e-07 
7.847952e-07 
7.846794e-07 
7.845636e-07 
7.844478e-07 
7.843321e-07 
7.842164e-07 
7.841007e-07 
7.839850e-07 
7.838693e-07 
7.837537e-07 
7.836381e-07 
7.835225e-07 
7.834069e-07 
7.832914e-07 
7.831758e-07 
7.830603e-07 
7.829448e-07 
7.828294e-07 
7.827139e-07 
7.825985e-07 
7.824831e-07 
7.823677e-07 
7.822524e-07 
7.821371e-07 
7.820217e-07 
7.819065e-07 
7.817912e-07 
7.816759e-07 
7.815607e-07 
7.814455e-07 
7.813303e-07 
7.812152e-07 
7.811000e-07 
7.809849e-07 
7.808698e-07 
7.807548e-07 
7.806397e-07 
7.805247e-07 
7.804097e-07 
7.802947e-07 
7.801797e-07 
7.800648e-07 
7.799499e-07 
7.798350e-07 
7.797201e-07 
7.796053e-07 
7.794904e-07 
7.793756e-07 
7.792608e-07 
7.791461e-07 
7.790313e-07 
7.789166e-07 
7.788019e-07 
7.786872e-07 
7.785726e-07 
7.784579e-07 
7.783433e-07 
7.782287e-07 
7.781142e-07 
7.779996e-07 
7.778851e-07 
7.777706e-07 
7.776561e-07 
7.775416e-07 
7.774272e-07 
7.773128e-07 
7.771984e-07 
7.770840e-07 
7.769696e-07 
7.768553e-07 
7.767410e-07 
7.766267e-07 
7.765124e-07 
7.763982e-07 
7.762840e-07 
7.761698e-07 
7.760556e-07 
7.759414e-07 
7.758273e-07 
7.757132e-07 
7.755991e-07 
7.754850e-07 
7.753709e-07 
7.752569e-07 
7.751429e-07 
7.750289e-07 
7.749149e-07 
7.748010e-07 
7.746871e-07 
7.745732e-07 
7.744593e-07 
7.743454e-07 
7.742316e-07 
7.741178e-07 
7.740040e-07 
7.738902e-07 
7.737764e-07 
7.736627e-07 
7.735490e-07 
7.734353e-07 
7.733217e-07 
7.732080e-07 
7.730944e-07 
7.729808e-07 
7.728672e-07 
7.727536e-07 
7.726401e-07 
7.725266e-07 
7.724131e-07 
7.722996e-07 
7.721862e-07 
7.720727e-07 
7.719593e-07 
7.718459e-07 
7.717326e-07 
7.716192e-07 
7.715059e-07 
7.713926e-07 
7.712793e-07 
7.711661e-07 
7.710528e-07 
7.709396e-07 
7.708264e-07 
7.707132e-07 
7.706001e-07 
7.704870e-07 
7.703739e-07 
7.702608e-07 
7.701477e-07 
7.700346e-07 
7.699216e-07 
7.698086e-07 
7.696956e-07 
7.695827e-07 
7.694697e-07 
7.693568e-07 
7.692439e-07 
7.691310e-07 
7.690182e-07 
7.689054e-07 
7.687925e-07 
7.686798e-07 
7.685670e-07 
7.684542e-07 
7.683415e-07 
7.682288e-07 
7.681161e-07 
7.680035e-07 
7.678908e-07 
7.677782e-07 
7.676656e-07 
7.675530e-07 
7.674405e-07 
7.673279e-07 
7.672154e-07 
7.671029e-07 
7.669904e-07 
7.668780e-07 
7.667656e-07 
7.666531e-07 
7.665408e-07 
7.664284e-07 
7.663160e-07 
7.662037e-07 
7.660914e-07 
7.659791e-07 
7.658669e-07 
7.657546e-07 
7.656424e-07 
7.655302e-07 
7.654180e-07 
7.653059e-07 
7.651937e-07 
7.650816e-07 
7.649695e-07 
7.648575e-07 
7.647454e-07 
7.646334e-07 
7.645214e-07 
7.644094e-07 
7.642974e-07 
7.641855e-07 
7.640736e-07 
7.639617e-07 
7.638498e-07 
7.637379e-07 
7.636261e-07 
7.635142e-07 
7.634025e-07 
7.632907e-07 
7.631789e-07 
7.630672e-07 
7.629555e-07 
7.628438e-07 
7.627321e-07 
7.626205e-07 
7.625088e-07 
7.623972e-07 
7.622856e-07 
7.621741e-07 
7.620625e-07 
7.619510e-07 
7.618395e-07 
7.617280e-07 
7.616165e-07 
7.615051e-07 
7.613937e-07 
7.612823e-07 
7.611709e-07 
7.610595e-07 
7.609482e-07 
7.608369e-07 
7.607256e-07 
7.606143e-07 
7.605031e-07 
7.603918e-07 
7.602806e-07 
7.601694e-07 
7.600583e-07 
7.599471e-07 
7.598360e-07 
7.597249e-07 
7.596138e-07 
7.595027e-07 
7.593917e-07 
7.592807e-07 
7.591697e-07 
7.590587e-07 
7.589477e-07 
7.588368e-07 
7.587259e-07 
7.586150e-07 
7.585041e-07 
7.583932e-07 
7.582824e-07 
7.581716e-07 
7.580608e-07 
7.579500e-07 
7.578392e-07 
7.577285e-07 
7.576178e-07 
7.575071e-07 
7.573964e-07 
7.572858e-07 
7.571752e-07 
7.570646e-07 
7.569540e-07 
7.568434e-07 
7.567329e-07 
7.566223e-07 
7.565118e-07 
7.564013e-07 
7.562909e-07 
7.561804e-07 
7.560700e-07 
7.559596e-07 
7.558492e-07 
7.557389e-07 
7.556285e-07 
7.555182e-07 
7.554079e-07 
7.552976e-07 
7.551874e-07 
7.550772e-07 
7.549669e-07 
7.548567e-07 
7.547466e-07 
7.546364e-07 
7.545263e-07 
7.544162e-07 
7.543061e-07 
7.541960e-07 
7.540860e-07 
7.539759e-07 
7.538659e-07 
7.537559e-07 
7.536460e-07 
7.535360e-07 
7.534261e-07 
7.533162e-07 
7.532063e-07 
7.530964e-07 
7.529866e-07 
7.528768e-07 
7.527670e-07 
7.526572e-07 
7.525474e-07 
7.524377e-07 
7.523280e-07 
7.522183e-07 
7.521086e-07 
7.519989e-07 
7.518893e-07 
7.517797e-07 
7.516701e-07 
7.515605e-07 
7.514509e-07 
7.513414e-07 
7.512319e-07 
7.511224e-07 
7.510129e-07 
7.509035e-07 
7.507940e-07 
7.506846e-07 
7.505752e-07 
7.504659e-07 
7.503565e-07 
7.502472e-07 
7.501379e-07 
7.500286e-07 
7.499193e-07 
7.498101e-07 
7.497008e-07 
7.495916e-07 
7.494824e-07 
7.493733e-07 
7.492641e-07 
7.491550e-07 
7.490459e-07 
7.489368e-07 
7.488277e-07 
7.487187e-07 
7.486097e-07 
7.485007e-07 
7.483917e-07 
7.482827e-07 
7.481738e-07 
7.480648e-07 
7.479559e-07 
7.478471e-07 
7.477382e-07 
7.476294e-07 
7.475205e-07 
7.474117e-07 
7.473030e-07 
7.471942e-07 
7.470855e-07 
7.469767e-07 
7.468680e-07 
7.467594e-07 
7.466507e-07 
7.465421e-07 
7.464334e-07 
7.463248e-07 
7.462163e-07 
7.461077e-07 
7.459992e-07 
7.458907e-07 
7.457822e-07 
7.456737e-07 
7.455652e-07 
7.454568e-07 
7.453484e-07 
7.452400e-07 
7.451316e-07 
7.450233e-07 
7.449149e-07 
7.448066e-07 
7.446983e-07 
7.445900e-07 
7.444818e-07 
7.443735e-07 
7.442653e-07 
7.441571e-07 
7.440490e-07 
7.439408e-07 
7.438327e-07 
7.437246e-07 
7.436165e-07 
7.435084e-07 
7.434004e-07 
7.432923e-07 
7.431843e-07 
7.430763e-07 
7.429684e-07 
7.428604e-07 
7.427525e-07 
7.426446e-07 
7.425367e-07 
7.424288e-07 
7.423209e-07 
7.422131e-07 
7.421053e-07 
7.419975e-07 
7.418897e-07 
7.417820e-07 
7.416743e-07 
7.415666e-07 
7.414589e-07 
7.413512e-07 
7.412435e-07 
7.411359e-07 
7.410283e-07 
7.409207e-07 
7.408132e-07 
7.407056e-07 
7.405981e-07 
7.404906e-07 
7.403831e-07 
7.402756e-07 
7.401682e-07 
7.400607e-07 
7.399533e-07 
7.398459e-07 
7.397386e-07 
7.396312e-07 
7.395239e-07 
7.394166e-07 
7.393093e-07 
7.392020e-07 
7.390948e-07 
7.389875e-07 
7.388803e-07 
7.387731e-07 
7.386660e-07 
7.385588e-07 
7.384517e-07 
7.383446e-07 
7.382375e-07 
7.381304e-07 
7.380234e-07 
7.379163e-07 
7.378093e-07 
7.377023e-07 
7.375954e-07 
7.374884e-07 
7.373815e-07 
7.372746e-07 
7.371677e-07 
7.370608e-07 
7.369540e-07 
7.368471e-07 
7.367403e-07 
7.366335e-07 
7.365268e-07 
7.364200e-07 
7.363133e-07 
7.362066e-07 
7.360999e-07 
7.359932e-07 
7.358866e-07 
7.357799e-07 
7.356733e-07 
7.355667e-07 
7.354602e-07 
7.353536e-07 
7.352471e-07 
7.351406e-07 
7.350341e-07 
7.349276e-07 
7.348211e-07 
7.347147e-07 
7.346083e-07 
7.345019e-07 
7.343955e-07 
7.342892e-07 
7.341828e-07 
7.340765e-07 
7.339702e-07 
7.338639e-07 
7.337577e-07 
7.336514e-07 
7.335452e-07 
7.334390e-07 
7.333329e-07 
7.332267e-07 
7.331206e-07 
7.330144e-07 
7.329083e-07 
7.328023e-07 
7.326962e-07 
7.325902e-07 
7.324842e-07 
7.323782e-07 
7.322722e-07 
7.321662e-07 
7.320603e-07 
7.319544e-07 
7.318485e-07 
7.317426e-07 
7.316367e-07 
7.315309e-07 
7.314250e-07 
7.313192e-07 
7.312135e-07 
7.311077e-07 
7.310019e-07 
7.308962e-07 
7.307905e-07 
7.306848e-07 
7.305792e-07 
7.304735e-07 
7.303679e-07 
7.302623e-07 
7.301567e-07 
7.300511e-07 
7.299456e-07 
7.298401e-07 
7.297346e-07 
7.296291e-07 
7.295236e-07 
7.294181e-07 
7.293127e-07 
7.292073e-07 
7.291019e-07 
7.289965e-07 
7.288912e-07 
7.287859e-07 
7.286805e-07 
7.285753e-07 
7.284700e-07 
7.283647e-07 
7.282595e-07 
7.281543e-07 
7.280491e-07 
7.279439e-07 
7.278387e-07 
7.277336e-07 
7.276285e-07 
7.275234e-07 
7.274183e-07 
7.273133e-07 
7.272082e-07 
7.271032e-07 
7.269982e-07 
7.268932e-07 
7.267882e-07 
7.266833e-07 
7.265784e-07 
7.264735e-07 
7.263686e-07 
7.262637e-07 
7.261589e-07 
7.260541e-07 
7.259493e-07 
7.258445e-07 
7.257397e-07 
7.256349e-07 
7.255302e-07 
7.254255e-07 
7.253208e-07 
7.252161e-07 
7.251115e-07 
7.250069e-07 
7.249023e-07 
7.247977e-07 
7.246931e-07 
7.245885e-07 
7.244840e-07 
7.243795e-07 
7.242750e-07 
7.241705e-07 
7.240661e-07 
7.239616e-07 
7.238572e-07 
7.237528e-07 
7.236484e-07 
7.235441e-07 
7.234397e-07 
7.233354e-07 
7.232311e-07 
7.231268e-07 
7.230225e-07 
7.229183e-07 
7.228141e-07 
7.227099e-07 
7.226057e-07 
7.225015e-07 
7.223974e-07 
7.222932e-07 
7.221891e-07 
7.220850e-07 
7.219810e-07 
7.218769e-07 
7.217729e-07 
7.216689e-07 
7.215649e-07 
7.214609e-07 
7.213569e-07 
7.212530e-07 
7.211491e-07 
7.210452e-07 
7.209413e-07 
7.208374e-07 
7.207336e-07 
7.206298e-07 
7.205260e-07 
7.204222e-07 
7.203184e-07 
7.202147e-07 
7.201110e-07 
7.200073e-07 
7.199036e-07 
7.197999e-07 
7.196962e-07 
7.195926e-07 
7.194890e-07 
7.193854e-07 
7.192818e-07 
7.191783e-07 
7.190748e-07 
7.189712e-07 
7.188677e-07 
7.187643e-07 
7.186608e-07 
7.185574e-07 
7.184540e-07 
7.183506e-07 
7.182472e-07 
7.181438e-07 
7.180405e-07 
7.179371e-07 
7.178338e-07 
7.177306e-07 
7.176273e-07 
7.175240e-07 
7.174208e-07 
7.173176e-07 
7.172144e-07 
7.171112e-07 
7.170081e-07 
7.169050e-07 
7.168018e-07 
7.166987e-07 
7.165957e-07 
7.164926e-07 
7.163896e-07 
7.162866e-07 
7.161836e-07 
7.160806e-07 
7.159776e-07 
7.158747e-07 
7.157717e-07 
7.156688e-07 
7.155660e-07 
7.154631e-07 
7.153602e-07 
7.152574e-07 
7.151546e-07 
7.150518e-07 
7.149490e-07 
7.148463e-07 
7.147436e-07 
7.146408e-07 
7.145381e-07 
7.144355e-07 
7.143328e-07 
7.142302e-07 
7.141275e-07 
7.140249e-07 
7.139224e-07 
7.138198e-07 
7.137173e-07 
7.136147e-07 
7.135122e-07 
7.134097e-07 
7.133073e-07 
7.132048e-07 
7.131024e-07 
7.130000e-07 
7.128976e-07 
7.127952e-07 
7.126928e-07 
7.125905e-07 
7.124882e-07 
7.123859e-07 
7.122836e-07 
7.121813e-07 
7.120791e-07 
7.119769e-07 
7.118747e-07 
7.117725e-07 
7.116703e-07 
7.115682e-07 
7.114660e-07 
7.113639e-07 
7.112618e-07 
7.111598e-07 
7.110577e-07 
7.109557e-07 
7.108537e-07 
7.107517e-07 
7.106497e-07 
7.105477e-07 
7.104458e-07 
7.103439e-07 
7.102420e-07 
7.101401e-07 
7.100382e-07 
7.099364e-07 
7.098345e-07 
7.097327e-07 
7.096309e-07 
7.095292e-07 
7.094274e-07 
7.093257e-07 
7.092239e-07 
7.091222e-07 
7.090206e-07 
7.089189e-07 
7.088173e-07 
7.087156e-07 
7.086140e-07 
7.085125e-07 
7.084109e-07 
7.083093e-07 
7.082078e-07 
7.081063e-07 
7.080048e-07 
7.079033e-07 
7.078019e-07 
7.077004e-07 
7.075990e-07 
7.074976e-07 
7.073962e-07 
7.072949e-07 
7.071935e-07 
7.070922e-07 
7.069909e-07 
7.068896e-07 
7.067884e-07 
7.066871e-07 
7.065859e-07 
7.064847e-07 
7.063835e-07 
7.062823e-07 
7.061811e-07 
7.060800e-07 
7.059789e-07 
7.058778e-07 
7.057767e-07 
7.056756e-07 
7.055746e-07 
7.054736e-07 
7.053725e-07 
7.052716e-07 
7.051706e-07 
7.050696e-07 
7.049687e-07 
7.048678e-07 
7.047669e-07 
7.046660e-07 
7.045652e-07 
7.044643e-07 
7.043635e-07 
7.042627e-07 
7.041619e-07 
7.040611e-07 
7.039604e-07 
7.038597e-07 
7.037589e-07 
7.036583e-07 
7.035576e-07 
7.034569e-07 
7.033563e-07 
7.032557e-07 
7.031551e-07 
7.030545e-07 
7.029539e-07 
7.028534e-07 
7.027528e-07 
7.026523e-07 
7.025518e-07 
7.024514e-07 
7.023509e-07 
7.022505e-07 
7.021501e-07 
7.020497e-07 
7.019493e-07 
7.018489e-07 
7.017486e-07 
7.016483e-07 
7.015480e-07 
7.014477e-07 
7.013474e-07 
7.012472e-07 
7.011469e-07 
7.010467e-07 
7.009465e-07 
7.008463e-07 
7.007462e-07 
7.006460e-07 
7.005459e-07 
7.004458e-07 
7.003457e-07 
7.002457e-07 
7.001456e-07 
7.000456e-07 
6.999456e-07 
6.998456e-07 
6.997456e-07 
6.996457e-07 
6.995457e-07 
6.994458e-07 
6.993459e-07 
6.992460e-07 
6.991461e-07 
6.990463e-07 
6.989465e-07 
6.988467e-07 
6.987469e-07 
6.986471e-07 
6.985473e-07 
6.984476e-07 
6.983479e-07 
6.982482e-07 
6.981485e-07 
6.980488e-07 
6.979492e-07 
6.978496e-07 
6.977500e-07 
6.976504e-07 
6.975508e-07 
6.974512e-07 
6.973517e-07 
6.972522e-07 
6.971527e-07 
6.970532e-07 
6.969537e-07 
6.968543e-07 
6.967549e-07 
6.966555e-07 
6.965561e-07 
6.964567e-07 
6.963574e-07 
6.962580e-07 
6.961587e-07 
6.960594e-07 
6.959601e-07 
6.958609e-07 
6.957616e-07 
6.956624e-07 
6.955632e-07 
6.954640e-07 
6.953648e-07 
6.952657e-07 
6.951665e-07 
6.950674e-07 
6.949683e-07 
6.948692e-07 
6.947702e-07 
6.946711e-07 
6.945721e-07 
6.944731e-07 
6.943741e-07 
6.942751e-07 
6.941762e-07 
6.940772e-07 
6.939783e-07 
6.938794e-07 
6.937805e-07 
6.936817e-07 
6.935828e-07 
6.934840e-07 
6.933852e-07 
6.932864e-07 
6.931876e-07 
6.930889e-07 
6.929901e-07 
6.928914e-07 
6.927927e-07 
6.926940e-07 
6.925954e-07 
6.924967e-07 
6.923981e-07 
6.922995e-07 
6.922009e-07 
6.921023e-07 
6.920038e-07 
6.919052e-07 
6.918067e-07 
6.917082e-07 
6.916097e-07 
6.915112e-07 
6.914128e-07 
6.913144e-07 
6.912159e-07 
6.911176e-07 
6.910192e-07 
6.909208e-07 
6.908225e-07 
6.907242e-07 
6.906258e-07 
6.905276e-07 
6.904293e-07 
6.903310e-07 
6.902328e-07 
6.901346e-07 
6.900364e-07 
6.899382e-07 
6.898401e-07 
6.897419e-07 
6.896438e-07 
6.895457e-07 
6.894476e-07 
6.893495e-07 
6.892515e-07 
6.891534e-07 
6.890554e-07 
6.889574e-07 
6.888594e-07 
6.887615e-07 
6.886635e-07 
6.885656e-07 
6.884677e-07 
6.883698e-07 
6.882719e-07 
6.881741e-07 
6.880762e-07 
6.879784e-07 
6.878806e-07 
6.877828e-07 
6.876850e-07 
6.875873e-07 
6.874896e-07 
6.873918e-07 
6.872941e-07 
6.871965e-07 
6.870988e-07 
6.870012e-07 
6.869035e-07 
6.868059e-07 
6.867083e-07 
6.866108e-07 
6.865132e-07 
6.864157e-07 
6.863182e-07 
6.862207e-07 
6.861232e-07 
6.860257e-07 
6.859283e-07 
6.858308e-07 
6.857334e-07 
6.856360e-07 
6.855387e-07 
6.854413e-07 
6.853440e-07 
6.852466e-07 
6.851493e-07 
6.850520e-07 
6.849548e-07 
6.848575e-07 
6.847603e-07 
6.846631e-07 
6.845659e-07 
6.844687e-07 
6.843715e-07 
6.842744e-07 
6.841773e-07 
6.840801e-07 
6.839830e-07 
6.838860e-07 
6.837889e-07 
6.836919e-07 
6.835949e-07 
6.834979e-07 
6.834009e-07 
6.833039e-07 
6.832069e-07 
6.831100e-07 
6.830131e-07 
6.829162e-07 
6.828193e-07 
6.827225e-07 
6.826256e-07 
6.825288e-07 
6.824320e-07 
6.823352e-07 
6.822384e-07 
6.821416e-07 
6.820449e-07 
6.819482e-07 
6.818515e-07 
6.817548e-07 
6.816581e-07 
6.815615e-07 
6.814648e-07 
6.813682e-07 
6.812716e-07 
6.811750e-07 
6.810785e-07 
6.809819e-07 
6.808854e-07 
6.807889e-07 
6.806924e-07 
6.805959e-07 
6.804995e-07 
6.804030e-07 
6.803066e-07 
6.802102e-07 
6.801138e-07 
6.800174e-07 
6.799211e-07 
6.798248e-07 
6.797284e-07 
6.796321e-07 
6.795359e-07 
6.794396e-07 
6.793433e-07 
6.792471e-07 
6.791509e-07 
6.790547e-07 
6.789585e-07 
6.788624e-07 
6.787662e-07 
6.786701e-07 
6.785740e-07 
6.784779e-07 
6.783818e-07 
6.782858e-07 
6.781897e-07 
6.780937e-07 
6.779977e-07 
6.779017e-07 
6.778058e-07 
6.777098e-07 
6.776139e-07 
6.775180e-07 
6.774221e-07 
6.773262e-07 
6.772303e-07 
6.771345e-07 
6.770386e-07 
6.769428e-07 
6.768470e-07 
6.767513e-07 
6.766555e-07 
6.765598e-07 
6.764640e-07 
6.763683e-07 
6.762726e-07 
6.761770e-07 
6.760813e-07 
6.759857e-07 
6.758901e-07 
6.757945e-07 
6.756989e-07 
6.756033e-07 
6.755078e-07 
6.754122e-07 
6.753167e-07 
6.752212e-07 
6.751257e-07 
6.750303e-07 
6.749348e-07 
6.748394e-07 
6.747440e-07 
6.746486e-07 
6.745532e-07 
6.744578e-07 
6.743625e-07 
6.742672e-07 
6.741719e-07 
6.740766e-07 
6.739813e-07 
6.738860e-07 
6.737908e-07 
6.736956e-07 
6.736004e-07 
6.735052e-07 
6.734100e-07 
6.733149e-07 
6.732197e-07 
6.731246e-07 
6.730295e-07 
6.729344e-07 
6.728394e-07 
6.727443e-07 
6.726493e-07 
6.725543e-07 
6.724593e-07 
6.723643e-07 
6.722693e-07 
6.721744e-07 
6.720795e-07 
6.719845e-07 
6.718897e-07 
6.717948e-07 
6.716999e-07 
6.716051e-07 
6.715103e-07 
6.714154e-07 
6.713207e-07 
6.712259e-07 
6.711311e-07 
6.710364e-07 
6.709417e-07 
6.708470e-07 
6.707523e-07 
6.706576e-07 
6.705629e-07 
6.704683e-07 
6.703737e-07 
6.702791e-07 
6.701845e-07 
6.700899e-07 
6.699954e-07 
6.699009e-07 
6.698063e-07 
6.697118e-07 
6.696174e-07 
6.695229e-07 
6.694284e-07 
6.693340e-07 
6.692396e-07 
6.691452e-07 
6.690508e-07 
6.689565e-07 
6.688621e-07 
6.687678e-07 
6.686735e-07 
6.685792e-07 
6.684849e-07 
6.683906e-07 
6.682964e-07 
6.682022e-07 
6.681080e-07 
6.680138e-07 
6.679196e-07 
6.678254e-07 
6.677313e-07 
6.676372e-07 
6.675431e-07 
6.674490e-07 
6.673549e-07 
6.672609e-07 
6.671668e-07 
6.670728e-07 
6.669788e-07 
6.668848e-07 
6.667908e-07 
6.666969e-07 
6.666029e-07 
6.665090e-07 
6.664151e-07 
6.663212e-07 
6.662274e-07 
6.661335e-07 
6.660397e-07 
6.659459e-07 
6.658521e-07 
6.657583e-07 
6.656645e-07 
6.655708e-07 
6.654770e-07 
6.653833e-07 
6.652896e-07 
6.651959e-07 
6.651023e-07 
6.650086e-07 
6.649150e-07 
6.648214e-07 
6.647278e-07 
6.646342e-07 
6.645406e-07 
6.644471e-07 
6.643536e-07 
6.642601e-07 
6.641666e-07 
6.640731e-07 
6.639796e-07 
6.638862e-07 
6.637928e-07 
6.636993e-07 
6.636059e-07 
6.635126e-07 
6.634192e-07 
6.633259e-07 
6.632325e-07 
6.631392e-07 
6.630459e-07 
6.629527e-07 
6.628594e-07 
6.627662e-07 
6.626729e-07 
6.625797e-07 
6.624865e-07 
6.623934e-07 
6.623002e-07 
6.622071e-07 
6.621139e-07 
6.620208e-07 
6.619277e-07 
6.618347e-07 
6.617416e-07 
6.616486e-07 
6.615555e-07 
6.614625e-07 
6.613695e-07 
6.612766e-07 
6.611836e-07 
6.610907e-07 
6.609977e-07 
6.609048e-07 
6.608119e-07 
6.607191e-07 
6.606262e-07 
6.605334e-07 
6.604406e-07 
6.603478e-07 
6.602550e-07 
6.601622e-07 
6.600694e-07 
6.599767e-07 
6.598840e-07 
6.597913e-07 
6.596986e-07 
6.596059e-07 
6.595133e-07 
6.594206e-07 
6.593280e-07 
6.592354e-07 
6.591428e-07 
6.590502e-07 
6.589577e-07 
6.588651e-07 
6.587726e-07 
6.586801e-07 
6.585876e-07 
6.584951e-07 
6.584027e-07 
6.583103e-07 
6.582178e-07 
6.581254e-07 
6.580330e-07 
6.579407e-07 
6.578483e-07 
6.577560e-07 
6.576637e-07 
6.575713e-07 
6.574791e-07 
6.573868e-07 
6.572945e-07 
6.572023e-07 
6.571101e-07 
6.570179e-07 
6.569257e-07 
6.568335e-07 
6.567414e-07 
6.566492e-07 
6.565571e-07 
6.564650e-07 
6.563729e-07 
6.562808e-07 
6.561888e-07 
6.560967e-07 
6.560047e-07 
6.559127e-07 
6.558207e-07 
6.557287e-07 
6.556368e-07 
6.555448e-07 
6.554529e-07 
6.553610e-07 
6.552691e-07 
6.551772e-07 
6.550854e-07 
6.549935e-07 
6.549017e-07 
6.548099e-07 
6.547181e-07 
6.546263e-07 
6.545346e-07 
6.544429e-07 
6.543511e-07 
6.542594e-07 
6.541677e-07 
6.540760e-07 
6.539844e-07 
6.538927e-07 
6.538011e-07 
6.537095e-07 
6.536179e-07 
6.535263e-07 
6.534348e-07 
6.533432e-07 
6.532517e-07 
6.531602e-07 
6.530687e-07 
6.529772e-07 
6.528858e-07 
6.527943e-07 
6.527029e-07 
6.526115e-07 
6.525201e-07 
6.524287e-07 
6.523373e-07 
6.522460e-07 
6.521547e-07 
6.520634e-07 
6.519721e-07 
6.518808e-07 
6.517895e-07 
6.516983e-07 
6.516070e-07 
6.515158e-07 
6.514246e-07 
6.513334e-07 
6.512423e-07 
6.511511e-07 
6.510600e-07 
6.509689e-07 
6.508778e-07 
6.507867e-07 
6.506956e-07 
6.506046e-07 
6.505135e-07 
6.504225e-07 
6.503315e-07 
6.502405e-07 
6.501496e-07 
6.500586e-07 
6.499677e-07 
6.498768e-07 
6.497858e-07 
6.496950e-07 
6.496041e-07 
6.495132e-07 
6.494224e-07 
6.493316e-07 
6.492408e-07 
6.491500e-07 
6.490592e-07 
6.489684e-07 
6.488777e-07 
6.487870e-07 
6.486963e-07 
6.486056e-07 
6.485149e-07 
6.484242e-07 
6.483336e-07 
6.482430e-07 
6.481524e-07 
6.480618e-07 
6.479712e-07 
6.478806e-07 
6.477901e-07 
6.476996e-07 
6.476090e-07 
6.475185e-07 
6.474281e-07 
6.473376e-07 
6.472471e-07 
6.471567e-07 
6.470663e-07 
6.469759e-07 
6.468855e-07 
6.467952e-07 
6.467048e-07 
6.466145e-07 
6.465241e-07 
6.464338e-07 
6.463436e-07 
6.462533e-07 
6.461630e-07 
6.460728e-07 
6.459826e-07 
6.458924e-07 
6.458022e-07 
6.457120e-07 
6.456219e-07 
6.455317e-07 
6.454416e-07 
6.453515e-07 
6.452614e-07 
6.451713e-07 
6.450813e-07 
6.449912e-07 
6.449012e-07 
6.448112e-07 
6.447212e-07 
6.446312e-07 
6.445412e-07 
6.444513e-07 
6.443614e-07 
6.442714e-07 
6.441815e-07 
6.440917e-07 
6.440018e-07 
6.439119e-07 
6.438221e-07 
6.437323e-07 
6.436425e-07 
6.435527e-07 
6.434629e-07 
6.433732e-07 
6.432834e-07 
6.431937e-07 
6.431040e-07 
6.430143e-07 
6.429247e-07 
6.428350e-07 
6.427454e-07 
6.426557e-07 
6.425661e-07 
6.424765e-07 
6.423870e-07 
6.422974e-07 
6.422078e-07 
6.421183e-07 
6.420288e-07 
6.419393e-07 
6.418498e-07 
6.417604e-07 
6.416709e-07 
6.415815e-07 
6.414921e-07 
6.414027e-07 
6.413133e-07 
6.412239e-07 
6.411346e-07 
6.410452e-07 
6.409559e-07 
6.408666e-07 
6.407773e-07 
6.406880e-07 
6.405988e-07 
6.405095e-07 
6.404203e-07 
6.403311e-07 
6.402419e-07 
6.401527e-07 
6.400636e-07 
6.399744e-07 
6.398853e-07 
6.397962e-07 
6.397071e-07 
6.396180e-07 
6.395289e-07 
6.394399e-07 
6.393509e-07 
6.392618e-07 
6.391728e-07 
6.390838e-07 
6.389949e-07 
6.389059e-07 
6.388170e-07 
6.387281e-07 
6.386392e-07 
6.385503e-07 
6.384614e-07 
6.383725e-07 
6.382837e-07 
6.381949e-07 
6.381061e-07 
6.380173e-07 
6.379285e-07 
6.378397e-07 
6.377510e-07 
6.376622e-07 
6.375735e-07 
6.374848e-07 
6.373961e-07 
6.373075e-07 
6.372188e-07 
6.371302e-07 
6.370416e-07 
6.369529e-07 
6.368644e-07 
6.367758e-07 
6.366872e-07 
6.365987e-07 
6.365102e-07 
6.364217e-07 
6.363332e-07 
6.362447e-07 
6.361562e-07 
6.360678e-07 
6.359793e-07 
6.358909e-07 
6.358025e-07 
6.357141e-07 
6.356258e-07 
6.355374e-07 
6.354491e-07 
6.353608e-07 
6.352725e-07 
6.351842e-07 
6.350959e-07 
6.350076e-07 
6.349194e-07 
6.348312e-07 
6.347430e-07 
6.346548e-07 
6.345666e-07 
6.344784e-07 
6.343903e-07 
6.343021e-07 
6.342140e-07 
6.341259e-07 
6.340378e-07 
6.339498e-07 
6.338617e-07 
6.337737e-07 
6.336857e-07 
6.335977e-07 
6.335097e-07 
6.334217e-07 
6.333337e-07 
6.332458e-07 
6.331579e-07 
6.330699e-07 
6.329820e-07 
6.328942e-07 
6.328063e-07 
6.327185e-07 
6.326306e-07 
6.325428e-07 
6.324550e-07 
6.323672e-07 
6.322794e-07 
6.321917e-07 
6.321039e-07 
6.320162e-07 
6.319285e-07 
6.318408e-07 
6.317531e-07 
6.316655e-07 
6.315778e-07 
6.314902e-07 
6.314026e-07 
6.313150e-07 
6.312274e-07 
6.311398e-07 
6.310523e-07 
6.309647e-07 
6.308772e-07 
6.307897e-07 
6.307022e-07 
6.306148e-07 
6.305273e-07 
6.304399e-07 
6.303524e-07 
6.302650e-07 
6.301776e-07 
6.300902e-07 
6.300029e-07 
6.299155e-07 
6.298282e-07 
6.297409e-07 
6.296536e-07 
6.295663e-07 
6.294790e-07 
6.293918e-07 
6.293045e-07 
6.292173e-07 
6.291301e-07 
6.290429e-07 
6.289557e-07 
6.288685e-07 
6.287814e-07 
6.286943e-07 
6.286071e-07 
6.285200e-07 
6.284330e-07 
6.283459e-07 
6.282588e-07 
6.281718e-07 
6.280848e-07 
6.279978e-07 
6.279108e-07 
6.278238e-07 
6.277368e-07 
6.276499e-07 
6.275629e-07 
6.274760e-07 
6.273891e-07 
6.273022e-07 
6.272154e-07 
6.271285e-07 
6.270417e-07 
6.269549e-07 
6.268681e-07 
6.267813e-07 
6.266945e-07 
6.266077e-07 
6.265210e-07 
6.264342e-07 
6.263475e-07 
6.262608e-07 
6.261741e-07 
6.260875e-07 
6.260008e-07 
6.259142e-07 
6.258276e-07 
6.257410e-07 
6.256544e-07 
6.255678e-07 
6.254812e-07 
6.253947e-07 
6.253082e-07 
6.252216e-07 
6.251351e-07 
6.250487e-07 
6.249622e-07 
6.248757e-07 
6.247893e-07 
6.247029e-07 
6.246165e-07 
6.245301e-07 
6.244437e-07 
6.243573e-07 
6.242710e-07 
6.241847e-07 
6.240983e-07 
6.240120e-07 
6.239258e-07 
6.238395e-07 
6.237532e-07 
6.236670e-07 
6.235808e-07 
6.234946e-07 
6.234084e-07 
6.233222e-07 
6.232360e-07 
6.231499e-07 
6.230638e-07 
6.229776e-07 
6.228915e-07 
6.228055e-07 
