0.9047967861747934
0.0
0.9040722686445813
0.0
0.9033426433670886
0.0
0.9026078248711606
0.0
0.9018677255763417
0.0
0.9011222557238671
0.0
0.9003713233048922
0.0
0.8996148339858084
0.0
0.8988526910305179
0.0
0.8980847952195069
0.0
0.8973110447655868
0.0
0.8965313352260827
0.0
0.895745559411372
0.0
0.894953607289512
0.0
0.8941553658868141
0.0
0.8933507191841329
0.0
0.8925395480086434
0.0
0.891721729920908
0.0
0.8908971390969385
0.0
0.8900656462050319
0.0
0.8892271182770755
0.0
0.8883814185740488
0.0
0.8875284064453808
0.0
0.8866679371818605
0.0
0.885799861861718
0.0
0.884924027189521
0.0
0.8840402753274765
0.0
0.8831484437187098
0.0
0.8822483649020689
0.0
0.8813398663179655
0.0
0.8804227701047455
0.0
0.8794968928850242
0.0
0.8785620455414135
0.0
0.8776180329809805
0.0
0.8766646538878194
0.0
0.875701700462957
0.0
0.8747289581508545
0.0
0.8737462053516917
0.0
0.8727532131185182
0.0
0.8717497448383585
0.0
0.8707355558962078
0.0
0.869710393320906
0.0
0.8686739954116357
0.0
0.8676260913438203
0.0
0.8665664007530978
0.0
0.8654946332958515
0.0
0.8644104881847801
0.0
0.863313653697784
0.0
0.8622038066583488
0.0
0.8610806118854627
0.0
0.8599437216109315
0.0
0.8587927748617878
0.0
0.8576273968052996
0.0
0.8564471980538885
0.0
0.8552517739270363
0.0
0.854040703666982
0.0
0.8528135496048027
0.0
0.851569856273103
0.0
0.8503091494612635
0.0
0.8490309352088172
0.0
0.847734698732102
0.0
0.8464199032789718
0.0
0.8450859889057747
0.0
0.8437323711703529
0.0
0.8423584397341748
0.0
0.8409635568660909
0.0
0.8395470558394929
0.0
0.8381082392137976
0.0
0.836646376990368
0.0
0.8351607046319314
0.0
0.8336504209334897
0.0
0.8321146857314902
0.0
0.8305526174366386
0.0
0.8289632903742374
0.0
0.8273457319142028
0.0
0.825698919371015
0.0
0.8240217766517121
0.0
0.8223131706276221
0.0
0.8205719072028406
0.0
0.8187967270493874
0.0
0.8169863009755777
0.0
0.8151392248902336
0.0
0.8132540143210037
0.0
0.811329098440103
0.0
0.8093628135451326
0.0
0.8073533959363153
0.0
0.8052989741241885
0.0
0.8031975602935737
0.0
0.8010470409402489
0.0
0.798845166586017
0.0
0.7965895404656499
0.0
0.7942776060651651
0.0
0.7919066333749056
0.0
0.7894737037025416
0.0
0.786975692870064
0.0
0.7844092525947698
0.0
0.7817707898265203
0.0
0.7790564437818515
0.0
0.7762620603790802
0.0
0.7733831637368518
0.0
0.7704149243508379
0.0
0.7673521235088042
0.0
0.7641891134422707
0.0
0.7609197726427905
0.0
0.7575374556919072
0.0
0.7540349368658489
0.0
0.7504043466792921
0.0
0.7466371004281652
0.0
0.7427238176821521
0.0
0.7386542315682434
0.0
0.734417086585858
0.0
0.7300000236159757
0.0
0.7253894507539089
0.0
0.7205703986433676
0.0
0.7155263591731319
0.0
0.7102391068005579
0.0
0.7046885025144752
0.0
0.6988522817322812
0.0
0.692705829520434
0.0
0.6862219498393896
0.0
0.6793706406227565
0.0
0.672118894213784
0.0
0.6644305540832587
0.0
0.656266275206518
0.0
0.6475836585200494
0.0
0.6383376608397591
0.0
0.6284814207104882
0.0
0.6179676850822073
0.0
0.6067510623674774
0.0
0.5947913439384528
0.0
0.5820580913634555
0.0
0.5685365255477899
0.0
0.5542344165177523
0.0
0.5391891364438762
0.0
0.5234733945684208
0.0
0.5071976969070598
0.0
0.49050769067497774
0.0
0.4735755871725068
0.0
0.45658664741314664
0.0
0.4397234748446836
0.0
0.42315160870275137
0.0
0.4070092333838291
0.0
0.39140219148091493
0.0
0.37640384328155085
0.0
0.36205833464361087
0.0
0.3483856363196081
0.0
0.33538703087588917
0.0
0.32305020844718674
0.0
0.31135356625827293
0.0
0.30026960534579183
0.0
0.28976748492358395
0.0
0.27981486712647
0.0
0.2703792007410514
0.0
0.26142858029269567
0.0
0.252932293897267
0.0
0.24486114883574905
0.0
0.2371876420102517
0.0
0.22988602463913527
0.0
0.2229322967441896
0.0
0.21630415662576158
0.0
0.2099809229248158
0.0
0.2039434413880691
0.0
0.19817398454366
0.0
0.19265614973629325
0.0
0.18737475904155146
0.0
0.18231576324205037
0.0
0.17746615113092204
0.0
0.17281386478669536
0.0
0.1683477210495246
0.0
0.1640573391589493
0.0
0.15993307434357157
0.0
0.15596595705186225
0.0
0.15214763745877077
0.0
0.1484703348595414
0.0
0.1449267915593763
0.0
0.1415102308779242
0.0
0.13821431890587696
0.0
0.13503312967372552
0.0
0.13196111341761055
0.0
0.12899306765264332
0.0
0.12612411078905617
0.0
0.1233496580504514
0.0
0.12066539947588735
0.0
0.11806727980839835
0.0
0.11555148009171158
0.0
0.1131144008144313
0.0
0.1107526464568491
0.0
0.10846301130992825
0.0
0.1062424664489756
0.0
0.10408814775619556
0.0
0.1019973448968077
0.0
0.09996749116283696
0.0
0.09799615410713136
0.0
0.09608102689774113
0.0
0.09421992032958713
0.0
0.09241075543643881
0.0
0.09065155665168512
0.0
0.08894044547128027
0.0
0.08727563457665118
0.0
0.08565542237929356
0.0
0.08407818795234523
0.0
0.0825423863176066
0.0
0.08104654405935514
0.0
0.07958925523888612
0.0
0.07816917758604497
0.0
0.07678502894611199
0.0
0.07543558396230964
0.0
0.07411967097590605
0.0
0.07283616912744716
0.0
0.07158400564405266
0.0
0.07036215329897827
0.0
0.06916962803080642
0.0
0.06800548671067112
0.0
0.06686882504687199
0.0
0.06575877561710124
0.0
0.06467450601928917
0.0
0.06361521713279585
0.0
0.06258014148232349
0.0
0.061568541697525715
0.0
0.06057970906183041
0.0
0.05961296214449214
0.0
0.05866764551034229
0.0
0.05774312850212729
0.0
0.056838804090698344
0.0
0.055954087788674105
0.0
0.05508841662351464
0.0
0.054241248166237106
0.0
0.05341205961228368
0.0
0.05260034691129037
0.0
0.05180562394274223
0.0
0.05102742173471001
0.0
0.05026528772305668
0.0
0.04951878504868258
0.0
0.0487874918905462
0.0
0.04807100083234549
0.0
0.047368918260892935
0.0
0.046680863794343205
0.0
0.046006469738555725
0.0
0.045345380569987534
0.0
0.04469725244361477
0.0
0.04406175272447664
0.0
0.04343855954153058
0.0
0.04282736136258145
0.0
0.04222785658913469
0.0
0.04163975317008868
0.0
0.0410627682332512
0.0
0.040496627733726046
0.0
0.039941066118275484
0.0
0.03939582600481561
0.0
0.03886065787625527
0.0
0.038335319787933364
0.0
0.037819577087954824
0.0
0.03731320214976688
0.0
0.03681597411635332
0.0
0.03632767865546346
0.0
0.0358481077253237
0.0
0.035377059350310304
0.0
0.03491433740609564
0.0
0.0344597514138011
0.0
0.034013116342721646
0.0
0.033574252421208435
0.0
0.03314298495531685
0.0
0.03271914415485382
0.0
0.03230256496647196
0.0
0.03189308691348174
0.0
0.03149055394206811
0.0
0.031094814273615424
0.0
0.030705720262858886
0.0
0.03032312826159854
0.0
0.029946898487720603
0.0
0.0295768948992895
0.0
0.029212985073482065
0.0
0.028855040090148595
0.0
0.02850293441979685
0.0
0.028156545815804217
0.0
0.02781575521067297
0.0
0.027480446616154904
0.0
0.02715050702707612
0.0
0.026825826328705765
0.0
0.02650629720751625
0.0
0.026191815065191783
0.0
0.025882277935749175
0.0
0.025577586405639896
0.0
0.025277643536709707
0.0
0.02498235479189838
0.0
0.024691627963566075
0.0
0.024405373104339465
0.0
0.024123502460375767
0.0
0.02384593040694592
0.0
0.023572573386245053
0.0
0.02330334984734068
0.0
0.02303818018817375
0.0
0.0227769866995318
0.0
0.02251969351091688
0.0
0.022266226538233715
0.0
0.022016513433228427
0.0
0.021770483534609305
0.0
0.021528067820785576
0.0
0.02128919886416229
0.0
0.021053810786932144
0.0