-1.3495  7.89e-06  
-1.3485  4.81e-06  
-1.3475  6.03e-06  
-1.3465  6.65e-06  
-1.3455  2.96e-06  
-1.3445  2.97e-06  
-1.3435  6.04e-06  
-1.3425  -7.35e-07  
-1.3415  2.95e-06  
-1.3405  7.92e-06  
-1.3395  7.04e-06  
-1.3385  3.28e-06  
-1.3375  3.36e-06  
-1.3365  6.59e-06  
-1.3355  1.55e-06  
-1.3345  4.41e-06  
-1.3335  1.45e-05  
-1.3325  5.93e-06  
-1.3315  2.83e-07  
-1.3305  1.28e-05  
-1.3295  5.11e-06  
-1.3285  -4.4e-06  
-1.3275  -2.5e-06  
-1.3265  7.45e-07  
-1.3255  -8.58e-08  
-1.3245  -6.71e-06  
-1.3235  7e-06  
-1.3225  4.01e-06  
-1.3215  -4.16e-06  
-1.3205  3.23e-06  
-1.3195  -3.01e-07  
-1.3185  4.19e-06  
-1.3175  -3.17e-06  
-1.3165  -4.47e-06  
-1.3155  -4.49e-06  
-1.3145  -1.42e-05  
-1.3135  -7.38e-06  
-1.3125  -3.95e-06  
-1.3115  -8.03e-06  
-1.3105  -9.45e-06  
-1.3095  -1.13e-05  
-1.3085  -2.41e-06  
-1.3075  -3.28e-07  
-1.3065  -8.35e-06  
-1.3055  -2.3e-06  
-1.3045  -4.43e-06  
-1.3035  1.7e-06  
-1.3025  -1.44e-06  
-1.3015  -5.99e-06  
-1.3005  -1.92e-05  
-1.2995  -1.12e-05  
-1.2985  -2.15e-05  
-1.2975  -6.96e-06  
-1.2965  -1.33e-06  
-1.2955  -8.17e-06  
-1.2945  -3.03e-06  
-1.2935  -2.67e-06  
-1.2925  -1.81e-05  
-1.2915  -1.01e-05  
-1.2905  8.72e-07  
-1.2895  -1.75e-05  
-1.2885  -1.86e-05  
-1.2875  -5.38e-06  
-1.2865  -1.03e-05  
-1.2855  -7.35e-06  
-1.2845  -7.37e-06  
-1.2835  -5.15e-06  
-1.2825  -9.49e-06  
-1.2815  -2.91e-06  
-1.2805  -1e-05  
-1.2795  -1.72e-05  
-1.2785  -1.49e-05  
-1.2775  -1.15e-05  
-1.2765  -1.73e-05  
-1.2755  -1.18e-05  
-1.2745  -1.21e-05  
-1.2735  -2.17e-06  
-1.2725  -9.52e-06  
-1.2715  -1.92e-05  
-1.2705  -1.18e-05  
-1.2695  -8.88e-06  
-1.2685  -6.29e-06  
-1.2675  -6.24e-07  
-1.2665  -3.68e-06  
-1.2655  -2.03e-05  
-1.2645  -1.86e-05  
-1.2635  -1.97e-05  
-1.2625  -1.12e-05  
-1.2615  -1.5e-05  
-1.2605  -2.96e-06  
-1.2595  -1.29e-05  
-1.2585  -1.42e-05  
-1.2575  -2.7e-05  
-1.2565  -6.26e-06  
-1.2555  -1.45e-05  
-1.2545  -1.87e-05  
-1.2535  -1.44e-05  
-1.2525  -1.12e-05  
-1.2515  -1.28e-05  
-1.2505  -1.62e-05  
-1.2495  -1.95e-05  
-1.2485  -3.39e-05  
-1.2475  -3.51e-05  
-1.2465  -4.48e-05  
-1.2455  -3.51e-05  
-1.2445  -3.46e-05  
-1.2435  -3.65e-05  
-1.2425  -4.13e-05  
-1.2415  -4.31e-05  
-1.2405  -3.78e-05  
-1.2395  -3.86e-05  
-1.2385  -3.45e-05  
-1.2375  -2.24e-05  
-1.2365  -2.65e-05  
-1.2355  -3.83e-05  
-1.2345  -3.54e-05  
-1.2335  -3.4e-05  
-1.2325  -5.22e-05  
-1.2315  -3.93e-05  
-1.2305  -3.83e-05  
-1.2295  -4.63e-05  
-1.2285  -4.3e-05  
-1.2275  -3.47e-05  
-1.2265  -4.62e-05  
-1.2255  -4.99e-05  
-1.2245  -5.79e-05  
-1.2235  -4.93e-05  
-1.2225  -5.26e-05  
-1.2215  -4.8e-05  
-1.2205  -4.95e-05  
-1.2195  -4.25e-05  
-1.2185  -5.75e-05  
-1.2175  -5.34e-05  
-1.2165  -5.97e-05  
-1.2155  -6.27e-05  
-1.2145  -5.58e-05  
-1.2135  -6.06e-05  
-1.2125  -6.13e-05  
-1.2115  -4.45e-05  
-1.2105  -5.38e-05  
-1.2095  -4.74e-05  
-1.2085  -5.58e-05  
-1.2075  -5.88e-05  
-1.2065  -5.68e-05  
-1.2055  -5.87e-05  
-1.2045  -5.7e-05  
-1.2035  -6.02e-05  
-1.2025  -6.36e-05  
-1.2015  -6.39e-05  
-1.2005  -7.23e-05  
-1.1995  -5.73e-05  
-1.1985  -7.76e-05  
-1.1975  -7.95e-05  
-1.1965  -7.64e-05  
-1.1955  -7e-05  
-1.1945  -6.39e-05  
-1.1935  -7.54e-05  
-1.1925  -7.24e-05  
-1.1915  -7.86e-05  
-1.1905  -8.19e-05  
-1.1895  -7.29e-05  
-1.1885  -7.4e-05  
-1.1875  -8.46e-05  
-1.1865  -7.9e-05  
-1.1855  -8.66e-05  
-1.1845  -7.84e-05  
-1.1835  -7.78e-05  
-1.1825  -7.99e-05  
-1.1815  -8.83e-05  
-1.1805  -9.08e-05  
-1.1795  -9.05e-05  
-1.1785  -9.55e-05  
-1.1775  -9.75e-05  
-1.1765  -8.83e-05  
-1.1755  -8.42e-05  
-1.1745  -9.36e-05  
-1.1735  -9.57e-05  
-1.1725  -0.000101408  
-1.1715  -0.000100054  
-1.1705  -0.000100333  
-1.1695  -0.000101346  
-1.1685  -9.8e-05  
-1.1675  -8.96e-05  
-1.1665  -0.000104341  
-1.1655  -0.00010673  
-1.1645  -0.000104773  
-1.1635  -0.000111058  
-1.1625  -0.000114546  
-1.1615  -0.000112981  
-1.1605  -0.000122403  
-1.1595  -0.000129595  
-1.1585  -0.000119924  
-1.1575  -0.000122928  
-1.1565  -0.000128537  
-1.1555  -0.000133435  
-1.1545  -0.000139455  
-1.1535  -0.000137611  
-1.1525  -0.000143013  
-1.1515  -0.00014424  
-1.1505  -0.000143343  
-1.1495  -0.000138324  
-1.1485  -0.000156251  
-1.1475  -0.000141428  
-1.1465  -0.000148504  
-1.1455  -0.000146609  
-1.1445  -0.000150247  
-1.1435  -0.00015904  
-1.1425  -0.000162021  
-1.1415  -0.000167173  
-1.1405  -0.000159552  
-1.1395  -0.000173426  
-1.1385  -0.000181004  
-1.1375  -0.000173726  
-1.1365  -0.000169161  
-1.1355  -0.000174273  
-1.1345  -0.000170013  
-1.1335  -0.000177646  
-1.1325  -0.000180833  
-1.1315  -0.000171937  
-1.1305  -0.00017902  
-1.1295  -0.000178434  
-1.1285  -0.00019186  
-1.1275  -0.000206921  
-1.1265  -0.000205378  
-1.1255  -0.00020261  
-1.1245  -0.00021265  
-1.1235  -0.000212015  
-1.1225  -0.00020111  
-1.1215  -0.000214273  
-1.1205  -0.000228297  
-1.1195  -0.000223532  
-1.1185  -0.000224625  
-1.1175  -0.000227819  
-1.1165  -0.000232531  
-1.1155  -0.00023072  
-1.1145  -0.000244173  
-1.1135  -0.000244747  
-1.1125  -0.00024307  
-1.1115  -0.000253071  
-1.1105  -0.000256532  
-1.1095  -0.000254814  
-1.1085  -0.000250206  
-1.1075  -0.000268114  
-1.1065  -0.00027685  
-1.1055  -0.000280661  
-1.1045  -0.000271179  
-1.1035  -0.000279435  
-1.1025  -0.000286404  
-1.1015  -0.000293992  
-1.1005  -0.000297779  
-1.0995  -0.00029947  
-1.0985  -0.000308924  
-1.0975  -0.000301584  
-1.0965  -0.000315749  
-1.0955  -0.000319518  
-1.0945  -0.000316673  
-1.0935  -0.000322314  
-1.0925  -0.000328494  
-1.0915  -0.000330047  
-1.0905  -0.000342557  
-1.0895  -0.000335763  
-1.0885  -0.000349492  
-1.0875  -0.0003557  
-1.0865  -0.000357479  
-1.0855  -0.000371789  
-1.0845  -0.000376029  
-1.0835  -0.000374931  
-1.0825  -0.00037499  
-1.0815  -0.000397433  
-1.0805  -0.000394649  
-1.0795  -0.000400862  
-1.0785  -0.000409552  
-1.0775  -0.00041509  
-1.0765  -0.000432201  
-1.0755  -0.000434352  
-1.0745  -0.000438891  
-1.0735  -0.000438684  
-1.0725  -0.000449621  
-1.0715  -0.00044061  
-1.0705  -0.000455676  
-1.0695  -0.000465906  
-1.0685  -0.000465038  
-1.0675  -0.000472074  
-1.0665  -0.000474567  
-1.0655  -0.000489974  
-1.0645  -0.000495344  
-1.0635  -0.000500425  
-1.0625  -0.000506464  
-1.0615  -0.000525916  
-1.0605  -0.000529024  
-1.0595  -0.000540616  
-1.0585  -0.000557414  
-1.0575  -0.000553744  
-1.0565  -0.000565115  
-1.0555  -0.000572371  
-1.0545  -0.000596511  
-1.0535  -0.000589538  
-1.0525  -0.00060268  
-1.0515  -0.000614634  
-1.0505  -0.000624105  
-1.0495  -0.000625301  
-1.0485  -0.000643865  
-1.0475  -0.000652709  
-1.0465  -0.000659896  
-1.0455  -0.000670041  
-1.0445  -0.000686182  
-1.0435  -0.000685713  
-1.0425  -0.000703248  
-1.0415  -0.000709515  
-1.0405  -0.000734429  
-1.0395  -0.000741691  
-1.0385  -0.000752129  
-1.0375  -0.000768383  
-1.0365  -0.000782198  
-1.0355  -0.000793409  
-1.0345  -0.000812061  
-1.0335  -0.00080728  
-1.0325  -0.000825399  
-1.0315  -0.000842888  
-1.0305  -0.000854997  
-1.0295  -0.000875171  
-1.0285  -0.0008924  
-1.0275  -0.000903983  
-1.0265  -0.00092423  
-1.0255  -0.000942365  
-1.0245  -0.000947982  
-1.0235  -0.000971428  
-1.0225  -0.000981978  
-1.0215  -0.00099773  
-1.0205  -0.00101883  
-1.0195  -0.00103658  
-1.0185  -0.00104686  
-1.0175  -0.00106562  
-1.0165  -0.0010902  
-1.0155  -0.00110375  
-1.0145  -0.00112573  
-1.0135  -0.00113725  
-1.0125  -0.0011692  
-1.0115  -0.00118531  
-1.0105  -0.0011975  
-1.0095  -0.00121278  
-1.0085  -0.00124002  
-1.0075  -0.00126354  
-1.0065  -0.00129161  
-1.0055  -0.00131309  
-1.0045  -0.00133216  
-1.0035  -0.0013462  
-1.0025  -0.00138005  
-1.0015  -0.0013973  
-1.0005  -0.00143397  
-0.9995  -0.00145328  
-0.9985  -0.001486  
-0.9975  -0.00151326  
-0.9965  -0.00154007  
-0.9955  -0.00156578  
-0.9945  -0.00158382  
-0.9935  -0.00161897  
-0.9925  -0.00164755  
-0.9915  -0.00167149  
-0.9905  -0.0016993  
-0.9895  -0.00173424  
-0.9885  -0.00177135  
-0.9875  -0.00179397  
-0.9865  -0.00183453  
-0.9855  -0.00186574  
-0.9845  -0.00189144  
-0.9835  -0.00192525  
-0.9825  -0.00196869  
-0.9815  -0.00200137  
-0.9805  -0.00203057  
-0.9795  -0.00207927  
-0.9785  -0.00211844  
-0.9775  -0.00216287  
-0.9765  -0.00218726  
-0.9755  -0.00223159  
-0.9745  -0.00227134  
-0.9735  -0.00232436  
-0.9725  -0.00236861  
-0.9715  -0.00241171  
-0.9705  -0.00245728  
-0.9695  -0.00251124  
-0.9685  -0.00255345  
-0.9675  -0.00260766  
-0.9665  -0.00265684  
-0.9655  -0.0027046  
-0.9645  -0.00275706  
-0.9635  -0.00281053  
-0.9625  -0.00285946  
-0.9615  -0.00293861  
-0.9605  -0.00297687  
-0.9595  -0.0030473  
-0.9585  -0.00311565  
-0.9575  -0.00317256  
-0.9565  -0.0032321  
-0.9555  -0.00328273  
-0.9545  -0.00334848  
-0.9535  -0.00340844  
-0.9525  -0.00348846  
-0.9515  -0.00355705  
-0.9505  -0.00363081  
-0.9495  -0.00372399  
-0.9485  -0.00378374  
-0.9475  -0.00385941  
-0.9465  -0.00393088  
-0.9455  -0.00401611  
-0.9445  -0.00409235  
-0.9435  -0.00417718  
-0.9425  -0.00427835  
-0.9415  -0.00436592  
-0.9405  -0.00445594  
-0.9395  -0.00454532  
-0.9385  -0.00464017  
-0.9375  -0.00474017  
-0.9365  -0.00483277  
-0.9355  -0.00493442  
-0.9345  -0.00504895  
-0.9335  -0.00515355  
-0.9325  -0.00526405  
-0.9315  -0.00537584  
-0.9305  -0.00549309  
-0.9295  -0.00560228  
-0.9285  -0.00574208  
-0.9275  -0.00584977  
-0.9265  -0.00597632  
-0.9255  -0.00611273  
-0.9245  -0.00624022  
-0.9235  -0.00637633  
-0.9225  -0.00652277  
-0.9215  -0.00666905  
-0.9205  -0.00681858  
-0.9195  -0.00697657  
-0.9185  -0.00713235  
-0.9175  -0.00727954  
-0.9165  -0.0074524  
-0.9155  -0.00761501  
-0.9145  -0.00779178  
-0.9135  -0.00797157  
-0.9125  -0.00815246  
-0.9115  -0.00834449  
-0.9105  -0.00852975  
-0.9095  -0.00872794  
-0.9085  -0.00892915  
-0.9075  -0.00913023  
-0.9065  -0.00934135  
-0.9055  -0.0095568  
-0.9045  -0.00978706  
-0.9035  -0.0100167  
-0.9025  -0.010249  
-0.9015  -0.0104867  
-0.9005  -0.0107377  
-0.8995  -0.0109987  
-0.8985  -0.0112595  
-0.8975  -0.0115236  
-0.8965  -0.0117984  
-0.8955  -0.0120791  
-0.8945  -0.0123846  
-0.8935  -0.0126792  
-0.8925  -0.0129988  
-0.8915  -0.0133172  
-0.8905  -0.013638  
-0.8895  -0.0139712  
-0.8885  -0.0143186  
-0.8875  -0.0146867  
-0.8865  -0.015041  
-0.8855  -0.0154259  
-0.8845  -0.0158169  
-0.8835  -0.0162161  
-0.8825  -0.0166292  
-0.8815  -0.0170517  
-0.8805  -0.0174952  
-0.8795  -0.0179329  
-0.8785  -0.018394  
-0.8775  -0.0188785  
-0.8765  -0.0193719  
-0.8755  -0.0198814  
-0.8745  -0.0203943  
-0.8735  -0.0209437  
-0.8725  -0.0215144  
-0.8715  -0.0220758  
-0.8705  -0.0226709  
-0.8695  -0.0232818  
-0.8685  -0.0238969  
-0.8675  -0.02455  
-0.8665  -0.0252086  
-0.8655  -0.0258939  
-0.8645  -0.026625  
-0.8635  -0.0273582  
-0.8625  -0.028098  
-0.8615  -0.0288895  
-0.8605  -0.0296999  
-0.8595  -0.0305284  
-0.8585  -0.0314011  
-0.8575  -0.032294  
-0.8565  -0.0332014  
-0.8555  -0.0341568  
-0.8545  -0.0351549  
-0.8535  -0.0361787  
-0.8525  -0.0372255  
-0.8515  -0.038322  
-0.8505  -0.0394373  
-0.8495  -0.0406066  
-0.8485  -0.0418214  
-0.8475  -0.0430757  
-0.8465  -0.0443583  
-0.8455  -0.0456952  
-0.8445  -0.0470876  
-0.8435  -0.0485194  
-0.8425  -0.0500234  
-0.8415  -0.0515693  
-0.8405  -0.0531717  
-0.8395  -0.0548405  
-0.8385  -0.0565721  
-0.8375  -0.0583651  
-0.8365  -0.0602286  
-0.8355  -0.0621502  
-0.8345  -0.0641533  
-0.8335  -0.0662382  
-0.8325  -0.0684009  
-0.8315  -0.0706445  
-0.8305  -0.0729752  
-0.8295  -0.0754  
-0.8285  -0.0779245  
-0.8275  -0.080556  
-0.8265  -0.0832726  
-0.8255  -0.0861169  
-0.8245  -0.0890495  
-0.8235  -0.0921153  
-0.8225  -0.0953058  
-0.8215  -0.0986182  
-0.8205  -0.102065  
-0.8195  -0.105651  
-0.8185  -0.109375  
-0.8175  -0.113252  
-0.8165  -0.117277  
-0.8155  -0.121451  
-0.8145  -0.125805  
-0.8135  -0.130294  
-0.8125  -0.134969  
-0.8115  -0.139808  
-0.8105  -0.144788  
-0.8095  -0.14995  
-0.8085  -0.155257  
-0.8075  -0.16071  
-0.8065  -0.166269  
-0.8055  -0.171949  
-0.8045  -0.17772  
-0.8035  -0.183461  
-0.8025  -0.189257  
-0.8015  -0.194927  
-0.8005  -0.200426  
-0.7995  -0.205654  
-0.7985  -0.210479  
-0.7975  -0.214739  
-0.7965  -0.218245  
-0.7955  -0.220773  
-0.7945  -0.222081  
-0.7935  -0.221863  
-0.7925  -0.219818  
-0.7915  -0.215699  
-0.7905  -0.209127  
-0.7895  -0.199944  
-0.7885  -0.187912  
-0.7875  -0.17291  
-0.7865  -0.154969  
-0.7855  -0.134099  
-0.7845  -0.110488  
-0.7835  -0.0843035  
-0.7825  -0.0558226  
-0.7815  -0.0253127  
-0.7805  0.00702543  
-0.7795  0.0408278  
-0.7785  0.0759683  
-0.7775  0.112187  
-0.7765  0.14926  
-0.7755  0.187081  
-0.7745  0.225436  
-0.7735  0.264139  
-0.7725  0.303089  
-0.7715  0.341983  
-0.7705  0.380634  
-0.7695  0.418942  
-0.7685  0.456382  
-0.7675  0.492975  
-0.7665  0.528287  
-0.7655  0.562186  
-0.7645  0.594409  
-0.7635  0.624796  
-0.7625  0.653373  
-0.7615  0.680111  
-0.7605  0.705062  
-0.7595  0.728404  
-0.7585  0.750032  
-0.7575  0.770191  
-0.7565  0.788572  
-0.7555  0.805247  
-0.7545  0.819815  
-0.7535  0.832026  
-0.7525  0.841581  
-0.7515  0.848104  
-0.7505  0.851464  
-0.7495  0.851511  
-0.7485  0.848301  
-0.7475  0.84199  
-0.7465  0.8329  
-0.7455  0.821238  
-0.7445  0.807508  
-0.7435  0.791874  
-0.7425  0.774659  
-0.7415  0.755959  
-0.7405  0.735837  
-0.7395  0.714283  
-0.7385  0.691317  
-0.7375  0.666788  
-0.7365  0.640785  
-0.7355  0.613291  
-0.7345  0.584352  
-0.7335  0.554171  
-0.7325  0.522984  
-0.7315  0.490833  
-0.7305  0.458219  
-0.7295  0.425022  
-0.7285  0.391715  
-0.7275  0.358353  
-0.7265  0.325204  
-0.7255  0.292406  
-0.7245  0.260095  
-0.7235  0.228551  
-0.7225  0.197704  
-0.7215  0.167989  
-0.7205  0.139518  
-0.7195  0.112359  
-0.7185  0.0869781  
-0.7175  0.0632764  
-0.7165  0.0417653  
-0.7155  0.022386  
-0.7145  0.0053615  
-0.7135  -0.00926336  
-0.7125  -0.0216743  
-0.7115  -0.0319103  
-0.7105  -0.0404021  
-0.7095  -0.0474962  
-0.7085  -0.0537318  
-0.7075  -0.0597207  
-0.7065  -0.0660126  
-0.7055  -0.0732649  
-0.7045  -0.0820039  
-0.7035  -0.0927381  
-0.7025  -0.105816  
-0.7015  -0.121546  
-0.7005  -0.140143  
-0.6995  -0.161465  
-0.6985  -0.185754  
-0.6975  -0.212645  
-0.6965  -0.242077  
-0.6955  -0.273998  
-0.6945  -0.30798  
-0.6935  -0.344155  
-0.6925  -0.382126  
-0.6915  -0.421891  
-0.6905  -0.463432  
-0.6895  -0.506321  
-0.6885  -0.550887  
-0.6875  -0.596571  
-0.6865  -0.643663  
-0.6855  -0.691682  
-0.6845  -0.74066  
-0.6835  -0.790357  
-0.6825  -0.84033  
-0.6815  -0.890507  
-0.6805  -0.940528  
-0.6795  -0.98991  
-0.6785  -1.03851  
-0.6775  -1.08566  
-0.6765  -1.13122  
-0.6755  -1.17436  
-0.6745  -1.21501  
-0.6735  -1.25246  
-0.6725  -1.28642  
-0.6715  -1.31658  
-0.6705  -1.34264  
-0.6695  -1.36454  
-0.6685  -1.38227  
-0.6675  -1.39568  
-0.6665  -1.40501  
-0.6655  -1.41024  
-0.6645  -1.41146  
-0.6635  -1.40861  
-0.6625  -1.40171  
-0.6615  -1.39068  
-0.6605  -1.37543  
-0.6595  -1.3559  
-0.6585  -1.3321  
-0.6575  -1.30411  
-0.6565  -1.27205  
-0.6555  -1.23612  
-0.6545  -1.19684  
-0.6535  -1.15445  
-0.6525  -1.10945  
-0.6515  -1.06249  
-0.6505  -1.01382  
-0.6495  -0.963961  
-0.6485  -0.913458  
-0.6475  -0.862355  
-0.6465  -0.811343  
-0.6455  -0.76051  
-0.6445  -0.710143  
-0.6435  -0.660432  
-0.6425  -0.611464  
-0.6415  -0.563479  
-0.6405  -0.516253  
-0.6395  -0.470167  
-0.6385  -0.424946  
-0.6375  -0.380538  
-0.6365  -0.337199  
-0.6355  -0.294393  
-0.6345  -0.252509  
-0.6335  -0.211072  
-0.6325  -0.170261  
-0.6315  -0.129896  
-0.6305  -0.0898033  
-0.6295  -0.0499341  
-0.6285  -0.0102139  
-0.6275  0.0295372  
-0.6265  0.0694793  
-0.6255  0.109657  
-0.6245  0.150198  
-0.6235  0.191388  
-0.6225  0.233164  
-0.6215  0.275961  
-0.6205  0.319642  
-0.6195  0.3644  
-0.6185  0.410551  
-0.6175  0.45788  
-0.6165  0.506707  
-0.6155  0.557085  
-0.6145  0.609059  
-0.6135  0.662516  
-0.6125  0.717496  
-0.6115  0.774021  
-0.6105  0.831704  
-0.6095  0.890599  
-0.6085  0.950283  
-0.6075  1.01041  
-0.6065  1.07072  
-0.6055  1.13055  
-0.6045  1.18937  
-0.6035  1.24693  
-0.6025  1.30207  
-0.6015  1.35447  
-0.6005  1.40355  
-0.5995  1.44854  
-0.5985  1.4894  
-0.5975  1.52546  
-0.5965  1.55704  
-0.5955  1.58384  
-0.5945  1.60617  
-0.5935  1.62416  
-0.5925  1.63798  
-0.5915  1.64796  
-0.5905  1.6542  
-0.5895  1.65684  
-0.5885  1.65594  
-0.5875  1.65149  
-0.5865  1.64334  
-0.5855  1.63143  
-0.5845  1.61548  
-0.5835  1.59527  
-0.5825  1.57067  
-0.5815  1.54132  
-0.5805  1.50743  
-0.5795  1.46877  
-0.5785  1.42554  
-0.5775  1.37824  
-0.5765  1.32696  
-0.5755  1.27281  
-0.5745  1.21574  
-0.5735  1.157  
-0.5725  1.09685  
-0.5715  1.03591  
-0.5705  0.974856  
-0.5695  0.913733  
-0.5685  0.853413  
-0.5675  0.793824  
-0.5665  0.735169  
-0.5655  0.677839  
-0.5645  0.621694  
-0.5635  0.567062  
-0.5625  0.513644  
-0.5615  0.461691  
-0.5605  0.411094  
-0.5595  0.361597  
-0.5585  0.313288  
-0.5575  0.265979  
-0.5565  0.219578  
-0.5555  0.173888  
-0.5545  0.128843  
-0.5535  0.0842797  
-0.5525  0.0399602  
-0.5515  -0.00406661  
-0.5505  -0.0484668  
-0.5495  -0.092599  
-0.5485  -0.136926  
-0.5475  -0.182039  
-0.5465  -0.227246  
-0.5455  -0.273651  
-0.5445  -0.320475  
-0.5435  -0.36845  
-0.5425  -0.417359  
-0.5415  -0.467311  
-0.5405  -0.518665  
-0.5395  -0.571175  
-0.5385  -0.625078  
-0.5375  -0.680262  
-0.5365  -0.736645  
-0.5355  -0.794169  
-0.5345  -0.852604  
-0.5335  -0.911838  
-0.5325  -0.971421  
-0.5315  -1.03114  
-0.5305  -1.09049  
-0.5295  -1.14903  
-0.5285  -1.20612  
-0.5275  -1.26139  
-0.5265  -1.31412  
-0.5255  -1.36375  
-0.5245  -1.40971  
-0.5235  -1.45177  
-0.5225  -1.48938  
-0.5215  -1.52265  
-0.5205  -1.5513  
-0.5195  -1.57547  
-0.5185  -1.59534  
-0.5175  -1.61097  
-0.5165  -1.62267  
-0.5155  -1.63056  
-0.5145  -1.63477  
-0.5135  -1.63541  
-0.5125  -1.63249  
-0.5115  -1.62591  
-0.5105  -1.61567  
-0.5095  -1.60153  
-0.5085  -1.5833  
-0.5075  -1.56088  
-0.5065  -1.53402  
-0.5055  -1.50268  
-0.5045  -1.46687  
-0.5035  -1.42663  
-0.5025  -1.38227  
-0.5015  -1.33396  
-0.5005  -1.28254  
-0.4995  -1.22812  
-0.4985  -1.17157  
-0.4975  -1.11337  
-0.4965  -1.05399  
-0.4955  -0.994216  
-0.4945  -0.93403  
-0.4935  -0.874275  
-0.4925  -0.815009  
-0.4915  -0.756658  
-0.4905  -0.699313  
-0.4895  -0.643061  
-0.4885  -0.588104  
-0.4875  -0.534496  
-0.4865  -0.482291  
-0.4855  -0.431187  
-0.4845  -0.381386  
-0.4835  -0.332815  
-0.4825  -0.285062  
-0.4815  -0.238418  
-0.4805  -0.192336  
-0.4795  -0.147043  
-0.4785  -0.102251  
-0.4775  -0.0576841  
-0.4765  -0.013435  
-0.4755  0.0307172  
-0.4745  0.0750129  
-0.4735  0.119453  
-0.4725  0.164397  
-0.4715  0.209707  
-0.4705  0.255706  
-0.4695  0.302554  
-0.4685  0.350324  
-0.4675  0.399059  
-0.4665  0.448912  
-0.4655  0.500192  
-0.4645  0.552643  
-0.4635  0.606415  
-0.4625  0.661833  
-0.4615  0.718174  
-0.4605  0.776184  
-0.4595  0.834794  
-0.4585  0.894519  
-0.4575  0.954881  
-0.4565  1.0153  
-0.4555  1.07567  
-0.4545  1.13515  
-0.4535  1.19352  
-0.4525  1.25003  
-0.4515  1.30398  
-0.4505  1.35503  
-0.4495  1.40233  
-0.4485  1.44576  
-0.4475  1.48467  
-0.4465  1.51912  
-0.4455  1.5489  
-0.4445  1.57413  
-0.4435  1.59491  
-0.4425  1.61146  
-0.4415  1.62394  
-0.4405  1.63253  
-0.4395  1.63743  
-0.4385  1.6387  
-0.4375  1.63636  
-0.4365  1.63037  
-0.4355  1.62068  
-0.4345  1.60711  
-0.4335  1.58948  
-0.4325  1.56759  
-0.4315  1.54132  
-0.4305  1.51051  
-0.4295  1.47516  
-0.4285  1.43531  
-0.4275  1.39134  
-0.4265  1.34335  
-0.4255  1.29199  
-0.4245  1.23758  
-0.4235  1.18099  
-0.4225  1.12259  
-0.4215  1.06309  
-0.4205  1.00277  
-0.4195  0.942468  
-0.4185  0.882286  
-0.4175  0.822641  
-0.4165  0.763828  
-0.4155  0.706163  
-0.4145  0.649666  
-0.4135  0.594397  
-0.4125  0.540511  
-0.4115  0.487907  
-0.4105  0.436819  
-0.4095  0.386792  
-0.4085  0.337914  
-0.4075  0.29025  
-0.4065  0.243333  
-0.4055  0.197365  
-0.4045  0.151891  
-0.4035  0.107161  
-0.4025  0.062549  
-0.4015  0.0183284  
-0.4005  -0.025863  
-0.3995  -0.0702778  
-0.3985  -0.114571  
-0.3975  -0.159534  
-0.3965  -0.205001  
-0.3955  -0.250902  
-0.3945  -0.297835  
-0.3935  -0.34554  
-0.3925  -0.394417  
-0.3915  -0.444527  
-0.3905  -0.495766  
-0.3895  -0.548477  
-0.3885  -0.602475  
-0.3875  -0.658037  
-0.3865  -0.7147  
-0.3855  -0.772721  
-0.3845  -0.831964  
-0.3835  -0.891952  
-0.3825  -0.952542  
-0.3815  -1.01355  
-0.3805  -1.07425  
-0.3795  -1.13449  
-0.3785  -1.19345  
-0.3775  -1.25056  
-0.3765  -1.30549  
-0.3755  -1.35736  
-0.3745  -1.40549  
-0.3735  -1.44974  
-0.3725  -1.48957  
-0.3715  -1.52476  
-0.3705  -1.55526  
-0.3695  -1.58113  
-0.3685  -1.60257  
-0.3675  -1.61961  
-0.3665  -1.63258  
-0.3655  -1.64159  
-0.3645  -1.64686  
-0.3635  -1.64846  
-0.3625  -1.64642  
-0.3615  -1.6407  
-0.3605  -1.63118  
-0.3595  -1.61774  
-0.3585  -1.60019  
-0.3575  -1.57828  
-0.3565  -1.55185  
-0.3555  -1.5208  
-0.3545  -1.485  
-0.3535  -1.44468  
-0.3525  -1.39989  
-0.3515  -1.35101  
-0.3505  -1.29871  
-0.3495  -1.24328  
-0.3485  -1.18546  
-0.3475  -1.126  
-0.3465  -1.06537  
-0.3455  -1.00417  
-0.3445  -0.942848  
-0.3435  -0.881842  
-0.3425  -0.821656  
-0.3415  -0.762305  
-0.3405  -0.704256  
-0.3395  -0.647392  
-0.3385  -0.592037  
-0.3375  -0.53804  
-0.3365  -0.485425  
-0.3355  -0.434271  
-0.3345  -0.384398  
-0.3335  -0.335655  
-0.3325  -0.288054  
-0.3315  -0.241409  
-0.3305  -0.195554  
-0.3295  -0.150409  
-0.3285  -0.105908  
-0.3275  -0.0617135  
-0.3265  -0.0178706  
-0.3255  0.0258047  
-0.3245  0.0696434  
-0.3235  0.113577  
-0.3225  0.157943  
-0.3215  0.202682  
-0.3205  0.248151  
-0.3195  0.294443  
-0.3185  0.341652  
-0.3175  0.390043  
-0.3165  0.43945  
-0.3155  0.49035  
-0.3145  0.542524  
-0.3135  0.596114  
-0.3125  0.651218  
-0.3115  0.707621  
-0.3105  0.765552  
-0.3095  0.824263  
-0.3085  0.884246  
-0.3075  0.944762  
-0.3065  1.00543  
-0.3055  1.06625  
-0.3045  1.12612  
-0.3035  1.185  
-0.3025  1.24215  
-0.3015  1.29667  
-0.3005  1.34848  
-0.2995  1.3966  
-0.2985  1.44087  
-0.2975  1.48086  
-0.2965  1.516  
-0.2955  1.54696  
-0.2945  1.57292  
-0.2935  1.59466  
-0.2925  1.61213  
-0.2915  1.62533  
-0.2905  1.63481  
-0.2895  1.64041  
-0.2885  1.64241  
-0.2875  1.64081  
-0.2865  1.63553  
-0.2855  1.62656  
-0.2845  1.61367  
-0.2835  1.59676  
-0.2825  1.57554  
-0.2815  1.54994  
-0.2805  1.51967  
-0.2795  1.48495  
-0.2785  1.44551  
-0.2775  1.402  
-0.2765  1.35422  
-0.2755  1.30315  
-0.2745  1.24878  
-0.2735  1.1923  
-0.2725  1.13384  
-0.2715  1.07424  
-0.2705  1.01385  
-0.2695  0.953433  
-0.2685  0.893027  
-0.2675  0.833374  
-0.2665  0.774385  
-0.2655  0.716653  
-0.2645  0.659897  
-0.2635  0.60469  
-0.2625  0.550501  
-0.2615  0.497922  
-0.2605  0.44669  
-0.2595  0.396534  
-0.2585  0.347751  
-0.2575  0.299951  
-0.2565  0.253089  
-0.2555  0.2071  
-0.2545  0.161693  
-0.2535  0.116894  
-0.2525  0.0724761  
-0.2515  0.0282498  
-0.2505  -0.0158789  
-0.2495  -0.0601524  
-0.2485  -0.104401  
-0.2475  -0.149314  
-0.2465  -0.194566  
-0.2455  -0.240487  
-0.2445  -0.287286  
-0.2435  -0.334898  
-0.2425  -0.383684  
-0.2415  -0.433455  
-0.2405  -0.484583  
-0.2395  -0.537022  
-0.2385  -0.590694  
-0.2375  -0.645986  
-0.2365  -0.702205  
-0.2355  -0.759983  
-0.2345  -0.818786  
-0.2335  -0.878272  
-0.2325  -0.938558  
-0.2315  -0.998933  
-0.2305  -1.05922  
-0.2295  -1.11899  
-0.2285  -1.17742  
-0.2275  -1.23436  
-0.2265  -1.28881  
-0.2255  -1.34045  
-0.2245  -1.38857  
-0.2235  -1.43298  
-0.2225  -1.473  
-0.2215  -1.50867  
-0.2205  -1.5397  
-0.2195  -1.5662  
-0.2185  -1.58834  
-0.2175  -1.60614  
-0.2165  -1.6199  
-0.2155  -1.62975  
-0.2145  -1.63586  
-0.2135  -1.63834  
-0.2125  -1.63722  
-0.2115  -1.6325  
-0.2105  -1.62406  
-0.2095  -1.61185  
-0.2085  -1.5956  
-0.2075  -1.57514  
-0.2065  -1.55028  
-0.2055  -1.52094  
-0.2045  -1.48705  
-0.2035  -1.44858  
-0.2025  -1.40589  
-0.2015  -1.35902  
-0.2005  -1.3087  
-0.1995  -1.25526  
-0.1985  -1.19923  
-0.1975  -1.14148  
-0.1965  -1.0821  
-0.1955  -1.02221  
-0.1945  -0.961959  
-0.1935  -0.901784  
-0.1925  -0.842362  
-0.1915  -0.783404  
-0.1905  -0.725763  
-0.1895  -0.669158  
-0.1885  -0.613913  
-0.1875  -0.560143  
-0.1865  -0.507531  
-0.1855  -0.456547  
-0.1845  -0.406462  
-0.1835  -0.357881  
-0.1825  -0.310265  
-0.1815  -0.263557  
-0.1805  -0.217784  
-0.1795  -0.172569  
-0.1785  -0.128025  
-0.1775  -0.0837022  
-0.1765  -0.0397747  
-0.1755  0.00407013  
-0.1745  0.0481362  
-0.1735  0.0920971  
-0.1725  0.136796  
-0.1715  0.181716  
-0.1705  0.227287  
-0.1695  0.273851  
-0.1685  0.321  
-0.1675  0.36949  
-0.1665  0.418983  
-0.1655  0.46975  
-0.1645  0.521988  
-0.1635  0.575555  
-0.1625  0.630559  
-0.1615  0.687021  
-0.1605  0.744674  
-0.1595  0.803681  
-0.1585  0.863473  
-0.1575  0.92423  
-0.1565  0.984989  
-0.1555  1.04612  
-0.1545  1.10644  
-0.1535  1.16581  
-0.1525  1.22367  
-0.1515  1.27913  
-0.1505  1.33186  
-0.1495  1.38123  
-0.1485  1.42648  
-0.1475  1.4678  
-0.1465  1.50438  
-0.1455  1.53644  
-0.1445  1.56386  
-0.1435  1.58677  
-0.1425  1.60532  
-0.1415  1.61977  
-0.1405  1.63021  
-0.1395  1.6369  
-0.1385  1.63989  
-0.1375  1.63927  
-0.1365  1.63501  
-0.1355  1.62704  
-0.1345  1.61527  
-0.1335  1.59942  
-0.1325  1.57948  
-0.1315  1.55506  
-0.1305  1.52623  
-0.1295  1.49275  
-0.1285  1.4548  
-0.1275  1.41243  
-0.1265  1.36605  
-0.1255  1.31583  
-0.1245  1.26275  
-0.1235  1.20677  
-0.1225  1.14917  
-0.1215  1.08989  
-0.1205  1.02997  
-0.1195  0.969623  
-0.1185  0.909444  
-0.1175  0.849689  
-0.1165  0.790715  
-0.1155  0.732633  
-0.1145  0.675921  
-0.1135  0.620206  
-0.1125  0.56609  
-0.1115  0.513131  
-0.1105  0.461671  
-0.1095  0.411412  
-0.1085  0.362335  
-0.1075  0.314309  
-0.1065  0.26727  
-0.1055  0.221173  
-0.1045  0.175667  
-0.1035  0.130701  
-0.1025  0.0862811  
-0.1015  0.0419363  
-0.1005  -0.00202461  
-0.0995  -0.0462195  
-0.0985  -0.0904257  
-0.0975  -0.134993  
-0.0965  -0.180012  
-0.0955  -0.225639  
-0.0945  -0.272001  
-0.0935  -0.319233  
-0.0925  -0.367424  
-0.0915  -0.416883  
-0.0905  -0.46751  
-0.0895  -0.519524  
-0.0885  -0.573015  
-0.0875  -0.62791  
-0.0865  -0.684184  
-0.0855  -0.742081  
-0.0845  -0.800986  
-0.0835  -0.861206  
-0.0825  -0.922276  
-0.0815  -0.983792  
-0.0805  -1.04558  
-0.0795  -1.10685  
-0.0785  -1.16745  
-0.0775  -1.22642  
-0.0765  -1.28318  
-0.0755  -1.33724  
-0.0745  -1.38769  
-0.0735  -1.43435  
-0.0725  -1.47637  
-0.0715  -1.51391  
-0.0705  -1.54667  
-0.0695  -1.57457  
-0.0685  -1.59793  
-0.0675  -1.61678  
-0.0665  -1.63143  
-0.0655  -1.64206  
-0.0645  -1.64885  
-0.0635  -1.65194  
-0.0625  -1.65141  
-0.0615  -1.64723  
-0.0605  -1.63931  
-0.0595  -1.62761  
-0.0585  -1.6118  
-0.0575  -1.59176  
-0.0565  -1.56733  
-0.0555  -1.5382  
-0.0545  -1.50443  
-0.0535  -1.46595  
-0.0525  -1.42301  
-0.0515  -1.37582  
-0.0505  -1.32485  
-0.0495  -1.27058  
-0.0485  -1.21372  
-0.0475  -1.15489  
-0.0465  -1.09455  
-0.0455  -1.0336  
-0.0445  -0.972263  
-0.0435  -0.911143  
-0.0425  -0.850531  
-0.0415  -0.790705  
-0.0405  -0.732127  
-0.0395  -0.674502  
-0.0385  -0.618285  
-0.0375  -0.56374  
-0.0365  -0.510102  
-0.0355  -0.458205  
-0.0345  -0.40759  
-0.0335  -0.357987  
-0.0325  -0.309603  
-0.0315  -0.262188  
-0.0305  -0.215697  
-0.0295  -0.169814  
-0.0285  -0.124676  
-0.0275  -0.0798449  
-0.0265  -0.0355683  
-0.0255  0.00872462  
-0.0245  0.0528261  
-0.0235  0.0969767  
-0.0225  0.141501  
-0.0215  0.186194  
-0.0205  0.231571  
-0.0195  0.277569  
-0.0185  0.324324  
-0.0175  0.37219  
-0.0165  0.421003  
-0.0155  0.471197  
-0.0145  0.522523  
-0.0135  0.575389  
-0.0125  0.629514  
-0.0115  0.685087  
-0.0105  0.741941  
-0.0095  0.800008  
-0.0085  0.859097  
-0.0075  0.918819  
-0.0065  0.97914  
-0.0055  1.03929  
-0.0045  1.09901  
-0.0035  1.15793  
-0.0025  1.21491  
-0.0015  1.2701  
-0.0005  1.32236  
0.0005  1.37139  
0.0015  1.41675  
0.0025  1.45777  
0.0035  1.49468  
0.0045  1.52682  
0.0055  1.55458  
0.0065  1.57788  
0.0075  1.59678  
0.0085  1.61169  
0.0095  1.62257  
0.0105  1.62971  
0.0115  1.6332  
0.0125  1.63309  
0.0135  1.62939  
0.0145  1.62208  
0.0155  1.61096  
0.0165  1.59596  
0.0175  1.57686  
0.0185  1.55346  
0.0195  1.5257  
0.0205  1.49342  
0.0215  1.45671  
0.0225  1.41565  
0.0235  1.37045  
0.0245  1.32156  
0.0255  1.26937  
0.0265  1.2147  
0.0275  1.15736  
0.0285  1.09898  
0.0295  1.03929  
0.0305  0.979068  
0.0315  0.919078  
0.0325  0.859202  
0.0335  0.800212  
0.0345  0.742202  
0.0355  0.6853  
0.0365  0.629806  
0.0375  0.575658  
0.0385  0.523154  
0.0395  0.471798  
0.0405  0.422046  
0.0415  0.373538  
0.0425  0.326125  
0.0435  0.280018  
0.0445  0.234729  
0.0455  0.190149  
0.0465  0.146474  
0.0475  0.102977  
0.0485  0.0599716  
0.0495  0.0170078  
0.0505  -0.0259531  
0.0515  -0.0690535  
0.0525  -0.112609  
0.0535  -0.156543  
0.0545  -0.201202  
0.0555  -0.246572  
0.0565  -0.292924  
0.0575  -0.340367  
0.0585  -0.388879  
0.0595  -0.438813  
0.0605  -0.490095  
0.0615  -0.542912  
0.0625  -0.597136  
0.0635  -0.653034  
0.0645  -0.710425  
0.0655  -0.769087  
0.0665  -0.829355  
0.0675  -0.89021  
0.0685  -0.952237  
0.0695  -1.0143  
0.0705  -1.07647  
0.0715  -1.13798  
0.0725  -1.19813  
0.0735  -1.25657  
0.0745  -1.31206  
0.0755  -1.36459  
0.0765  -1.41312  
0.0775  -1.45732  
0.0785  -1.49693  
0.0795  -1.53156  
0.0805  -1.56156  
0.0815  -1.58662  
0.0825  -1.60722  
0.0835  -1.62346  
0.0845  -1.63553  
0.0855  -1.64375  
0.0865  -1.64817  
0.0875  -1.64897  
0.0885  -1.64611  
0.0895  -1.63956  
0.0905  -1.62915  
0.0915  -1.61483  
0.0925  -1.59616  
0.0935  -1.57313  
0.0945  -1.54542  
0.0955  -1.51299  
0.0965  -1.47578  
0.0975  -1.43383  
0.0985  -1.38764  
0.0995  -1.3374  
0.1005  -1.28371  
0.1015  -1.22733  
0.1025  -1.16866  
0.1035  -1.10873  
0.1045  -1.04772  
0.1055  -0.986423  
0.1065  -0.925367  
0.1075  -0.864665  
0.1085  -0.805018  
0.1095  -0.746213  
0.1105  -0.688814  
0.1115  -0.632762  
0.1125  -0.577905  
0.1135  -0.524718  
0.1145  -0.472683  
0.1155  -0.422227  
0.1165  -0.372882  
0.1175  -0.324626  
0.1185  -0.27753  
0.1195  -0.231138  
0.1205  -0.185666  
0.1215  -0.140656  
0.1225  -0.0961245  
0.1235  -0.0519137  
0.1245  -0.00777905  
0.1255  0.0363472  
0.1265  0.0806413  
0.1275  0.125093  
0.1285  0.170137  
0.1295  0.215718  
0.1305  0.261985  
0.1315  0.309194  
0.1325  0.357196  
0.1335  0.40649  
0.1345  0.456826  
0.1355  0.508515  
0.1365  0.561476  
0.1375  0.615719  
0.1385  0.671442  
0.1395  0.728002  
0.1405  0.786032  
0.1415  0.844891  
0.1425  0.904304  
0.1435  0.964343  
0.1445  1.0241  
0.1455  1.08375  
0.1465  1.14235  
0.1475  1.19963  
0.1485  1.25491  
0.1495  1.3077  
0.1505  1.35747  
0.1515  1.40346  
0.1525  1.4457  
0.1535  1.48358  
0.1545  1.51696  
0.1555  1.546  
0.1565  1.57046  
0.1575  1.59067  
0.1585  1.60675  
0.1595  1.61879  
0.1605  1.62708  
0.1615  1.6317  
0.1625  1.63271  
0.1635  1.63015  
0.1645  1.62396  
0.1655  1.61405  
0.1665  1.6003  
0.1675  1.58243  
0.1685  1.56042  
0.1695  1.53393  
0.1705  1.503  
0.1715  1.46763  
0.1725  1.42785  
0.1735  1.38384  
0.1745  1.33602  
0.1755  1.28489  
0.1765  1.23081  
0.1775  1.17446  
0.1785  1.11645  
0.1795  1.05702  
0.1805  0.99715  
0.1815  0.936969  
0.1825  0.876917  
0.1835  0.817544  
0.1845  0.758819  
0.1855  0.701264  
0.1865  0.644719  
0.1875  0.589669  
0.1885  0.53575  
0.1895  0.483383  
0.1905  0.432242  
0.1915  0.382367  
0.1925  0.333708  
0.1935  0.286078  
0.1945  0.239417  
0.1955  0.1936  
0.1965  0.148358  
0.1975  0.10372  
0.1985  0.0594685  
0.1995  0.0154239  
0.2005  -0.028562  
0.2015  -0.0726594  
0.2025  -0.117  
0.2035  -0.161584  
0.2045  -0.20692  
0.2055  -0.252804  
0.2065  -0.299527  
0.2075  -0.347282  
0.2085  -0.396056  
0.2095  -0.446076  
0.2105  -0.497316  
0.2115  -0.549862  
0.2125  -0.603846  
0.2135  -0.659119  
0.2145  -0.715708  
0.2155  -0.773498  
0.2165  -0.832415  
0.2175  -0.891709  
0.2185  -0.951803  
0.2195  -1.01209  
0.2205  -1.07199  
0.2215  -1.13106  
0.2225  -1.18872  
0.2235  -1.24455  
0.2245  -1.29788  
0.2255  -1.34809  
0.2265  -1.39481  
0.2275  -1.43752  
0.2285  -1.47595  
0.2295  -1.50993  
0.2305  -1.53943  
0.2315  -1.56441  
0.2325  -1.58511  
0.2335  -1.60161  
0.2345  -1.61414  
0.2355  -1.62289  
0.2365  -1.62796  
0.2375  -1.62946  
0.2385  -1.62741  
0.2395  -1.62178  
0.2405  -1.61249  
0.2415  -1.59942  
0.2425  -1.58229  
0.2435  -1.56107  
0.2445  -1.53545  
0.2455  -1.50539  
0.2465  -1.4709  
0.2475  -1.43191  
0.2485  -1.38885  
0.2495  -1.34183  
0.2505  -1.29139  
0.2515  -1.23805  
0.2525  -1.18211  
0.2535  -1.12471  
0.2545  -1.06584  
0.2555  -1.00626  
0.2565  -0.946664  
0.2575  -0.886941  
0.2585  -0.82801  
0.2595  -0.769691  
0.2605  -0.712603  
0.2615  -0.656611  
0.2625  -0.601921  
0.2635  -0.548567  
0.2645  -0.496408  
0.2655  -0.445736  
0.2665  -0.39607  
0.2675  -0.347568  
0.2685  -0.300191  
0.2695  -0.253514  
0.2705  -0.207651  
0.2715  -0.162462  
0.2725  -0.117677  
0.2735  -0.0733803  
0.2745  -0.029186  
0.2755  0.014882  
0.2765  0.0590964  
0.2775  0.103377  
0.2785  0.148117  
0.2795  0.193414  
0.2805  0.2392  
0.2815  0.286003  
0.2825  0.333601  
0.2835  0.382382  
0.2845  0.432274  
0.2855  0.483411  
0.2865  0.536039  
0.2875  0.589936  
0.2885  0.645407  
0.2895  0.702059  
0.2905  0.760194  
0.2915  0.819425  
0.2925  0.879563  
0.2935  0.940512  
0.2945  1.00161  
0.2955  1.06284  
0.2965  1.12333  
0.2975  1.18268  
0.2985  1.24039  
0.2995  1.29553  
0.3005  1.34789  
0.3015  1.39646  
0.3025  1.44112  
0.3035  1.48138  
0.3045  1.51695  
0.3055  1.54793  
0.3065  1.57422  
0.3075  1.59599  
0.3085  1.61344  
0.3095  1.62672  
0.3105  1.63612  
0.3115  1.64169  
0.3125  1.64362  
0.3135  1.64192  
0.3145  1.63656  
0.3155  1.62742  
0.3165  1.61443  
0.3175  1.59731  
0.3185  1.57592  
0.3195  1.55006  
0.3205  1.51956  
0.3215  1.48454  
0.3225  1.44477  
0.3235  1.40091  
0.3245  1.35269  
0.3255  1.30116  
0.3265  1.24672  
0.3275  1.18945  
0.3285  1.13092  
0.3295  1.07084  
0.3305  1.01017  
0.3315  0.949467  
0.3325  0.888855  
0.3335  0.829099  
0.3345  0.770084  
0.3355  0.712336  
0.3365  0.655779  
0.3375  0.600683  
0.3385  0.546923  
0.3395  0.494774  
0.3405  0.443846  
0.3415  0.394245  
0.3425  0.34598  
0.3435  0.298621  
0.3445  0.252368  
0.3455  0.206851  
0.3465  0.162037  
0.3475  0.117719  
0.3485  0.0738394  
0.3495  0.030107  
0.3505  -0.0135135  
0.3515  -0.0572127  
0.3525  -0.101195  
0.3535  -0.145504  
0.3545  -0.190336  
0.3555  -0.235767  
0.3565  -0.282107  
0.3575  -0.329274  
0.3585  -0.377535  
0.3595  -0.427019  
0.3605  -0.477711  
0.3615  -0.529851  
0.3625  -0.583447  
0.3635  -0.638309  
0.3645  -0.694842  
0.3655  -0.752516  
0.3665  -0.811573  
0.3675  -0.871544  
0.3685  -0.932423  
0.3695  -0.993539  
0.3705  -1.05485  
0.3715  -1.11566  
0.3725  -1.17553  
0.3735  -1.23371  
0.3745  -1.28973  
0.3755  -1.34283  
0.3765  -1.3925  
0.3775  -1.43819  
0.3785  -1.47955  
0.3795  -1.51618  
0.3805  -1.54825  
0.3815  -1.57551  
0.3825  -1.59824  
0.3835  -1.61661  
0.3845  -1.63079  
0.3855  -1.64101  
0.3865  -1.64742  
0.3875  -1.65013  
0.3885  -1.64921  
0.3895  -1.64463  
0.3905  -1.63629  
0.3915  -1.62408  
0.3925  -1.60771  
0.3935  -1.58702  
0.3945  -1.56186  
0.3955  -1.53193  
0.3965  -1.49725  
0.3975  -1.45792  
0.3985  -1.41391  
0.3995  -1.36588  
0.4005  -1.31391  
0.4015  -1.25882  
0.4025  -1.20114  
0.4035  -1.14166  
0.4045  -1.08092  
0.4055  -1.01951  
0.4065  -0.958053  
0.4075  -0.896818  
0.4085  -0.836286  
0.4095  -0.776715  
0.4105  -0.718225  
0.4115  -0.661082  
0.4125  -0.605508  
0.4135  -0.551047  
0.4145  -0.498194  
0.4155  -0.446736  
0.4165  -0.396505  
0.4175  -0.347584  
0.4185  -0.299737  
0.4195  -0.252865  
0.4205  -0.206877  
0.4215  -0.161577  
0.4225  -0.116874  
0.4235  -0.0726311  
0.4245  -0.0287361  
0.4255  0.015098  
0.4265  0.0588837  
0.4275  0.102741  
0.4285  0.146891  
0.4295  0.191628  
0.4305  0.236946  
0.4315  0.28279  
0.4325  0.329851  
0.4335  0.377727  
0.4345  0.427153  
0.4355  0.477524  
0.4365  0.529391  
0.4375  0.582781  
0.4385  0.637612  
0.4395  0.693778  
0.4405  0.751377  
0.4415  0.810167  
0.4425  0.869958  
0.4435  0.930368  
0.4445  0.991389  
0.4455  1.05244  
0.4465  1.1128  
0.4475  1.1723  
0.4485  1.23011  
0.4495  1.28583  
0.4505  1.33893  
0.4515  1.38843  
0.4525  1.43416  
0.4535  1.4757  
0.4545  1.5127  
0.4555  1.54515  
0.4565  1.57296  
0.4575  1.59628  
0.4585  1.61527  
0.4595  1.6301  
0.4605  1.64093  
0.4615  1.64796  
0.4625  1.6513  
0.4635  1.651  
0.4645  1.64705  
0.4655  1.63933  
0.4665  1.62768  
0.4675  1.61207  
0.4685  1.59206  
0.4695  1.56774  
0.4705  1.53859  
0.4715  1.50485  
0.4725  1.46636  
0.4735  1.42334  
0.4745  1.37586  
0.4755  1.3248  
0.4765  1.27047  
0.4775  1.2135  
0.4785  1.15455  
0.4795  1.09421  
0.4805  1.03308  
0.4815  0.971716  
0.4825  0.910589  
0.4835  0.849991  
0.4845  0.79023  
0.4855  0.731681  
0.4865  0.674401  
0.4875  0.618408  
0.4885  0.563949  
0.4895  0.510723  
0.4905  0.458962  
0.4915  0.408432  
0.4925  0.359144  
0.4935  0.310869  
0.4945  0.263668  
0.4955  0.217145  
0.4965  0.171367  
0.4975  0.126087  
0.4985  0.081308  
0.4995  0.0367632  
0.5005  -0.0074841  
0.5015  -0.0519055  
0.5025  -0.0963266  
0.5035  -0.141073  
0.5045  -0.186196  
0.5055  -0.231852  
0.5065  -0.278195  
0.5075  -0.325627  
0.5085  -0.373754  
0.5095  -0.423276  
0.5105  -0.473855  
0.5115  -0.525695  
0.5125  -0.579055  
0.5135  -0.633504  
0.5145  -0.689463  
0.5155  -0.74664  
0.5165  -0.804834  
0.5175  -0.86408  
0.5185  -0.923698  
0.5195  -0.983965  
0.5205  -1.04386  
0.5215  -1.10339  
0.5225  -1.16193  
0.5235  -1.21864  
0.5245  -1.27348  
0.5255  -1.32532  
0.5265  -1.37393  
0.5275  -1.41889  
0.5285  -1.4595  
0.5295  -1.49599  
0.5305  -1.52769  
0.5315  -1.5551  
0.5325  -1.57795  
0.5335  -1.59651  
0.5345  -1.61098  
0.5355  -1.62149  
0.5365  -1.62824  
0.5375  -1.63129  
0.5385  -1.63077  
0.5395  -1.6266  
0.5405  -1.6188  
0.5415  -1.60711  
0.5425  -1.59159  
0.5435  -1.57178  
0.5445  -1.54774  
0.5455  -1.51925  
0.5465  -1.48618  
0.5475  -1.44875  
0.5485  -1.40679  
0.5495  -1.36103  
0.5505  -1.31144  
0.5515  -1.25867  
0.5525  -1.20341  
0.5535  -1.14573  
0.5545  -1.08711  
0.5555  -1.02703  
0.5565  -0.966658  
0.5575  -0.906477  
0.5585  -0.846406  
0.5595  -0.787265  
0.5605  -0.72892  
0.5615  -0.67191  
0.5625  -0.615983  
0.5635  -0.56172  
0.5645  -0.508728  
0.5655  -0.457013  
0.5665  -0.407088  
0.5675  -0.35797  
0.5685  -0.310328  
0.5695  -0.26374  
0.5705  -0.217887  
0.5715  -0.173114  
0.5725  -0.128668  
0.5735  -0.0848576  
0.5745  -0.0412449  
0.5755  0.00206205  
0.5765  0.045541  
0.5775  0.0891781  
0.5785  0.132871  
0.5795  0.177343  
0.5805  0.222246  
0.5815  0.267869  
0.5825  0.314511  
0.5835  0.361953  
0.5845  0.41076  
0.5855  0.460691  
0.5865  0.512073  
0.5875  0.564718  
0.5885  0.618917  
0.5895  0.674738  
0.5905  0.731576  
0.5915  0.790162  
0.5925  0.849581  
0.5935  0.910058  
0.5945  0.971213  
0.5955  1.03245  
0.5965  1.09383  
0.5975  1.15425  
0.5985  1.21353  
0.5995  1.27091  
0.6005  1.32561  
0.6015  1.37755  
0.6025  1.42538  
0.6035  1.46927  
0.6045  1.50861  
0.6055  1.54322  
0.6065  1.57311  
0.6075  1.59833  
0.6085  1.61899  
0.6095  1.63535  
0.6105  1.64756  
0.6115  1.6559  
0.6125  1.66046  
0.6135  1.66139  
0.6145  1.6587  
0.6155  1.65236  
0.6165  1.64224  
0.6175  1.62821  
0.6185  1.61009  
0.6195  1.58766  
0.6205  1.56072  
0.6215  1.52921  
0.6225  1.49311  
0.6235  1.45239  
0.6245  1.40753  
0.6255  1.35845  
0.6265  1.30614  
0.6275  1.25075  
0.6285  1.19332  
0.6295  1.13397  
0.6305  1.07361  
0.6315  1.01284  
0.6325  0.951825  
0.6335  0.891329  
0.6345  0.831722  
0.6355  0.772989  
0.6365  0.715724  
0.6375  0.659689  
0.6385  0.605352  
0.6395  0.552483  
0.6405  0.501508  
0.6415  0.451749  
0.6425  0.403534  
0.6435  0.356877  
0.6445  0.311282  
0.6455  0.266864  
0.6465  0.2235  
0.6475  0.180832  
0.6485  0.138972  
0.6495  0.0975234  
0.6505  0.0565104  
0.6515  0.0157361  
0.6525  -0.0247908  
0.6535  -0.0655116  
0.6545  -0.106122  
0.6555  -0.146898  
0.6565  -0.187928  
0.6575  -0.229286  
0.6585  -0.271008  
0.6595  -0.313296  
0.6605  -0.356006  
0.6615  -0.399429  
0.6625  -0.443435  
0.6635  -0.488284  
0.6645  -0.533651  
0.6655  -0.579971  
0.6665  -0.626778  
0.6675  -0.674283  
0.6685  -0.722227  
0.6695  -0.770524  
0.6705  -0.81893  
0.6715  -0.86726  
0.6725  -0.915166  
0.6735  -0.962599  
0.6745  -1.00877  
0.6755  -1.05378  
0.6765  -1.097  
0.6775  -1.13829  
0.6785  -1.1771  
0.6795  -1.21317  
0.6805  -1.24601  
0.6815  -1.27559  
0.6825  -1.30146  
0.6835  -1.3236  
0.6845  -1.34188  
0.6855  -1.35633  
0.6865  -1.36695  
0.6875  -1.37379  
0.6885  -1.37685  
0.6895  -1.3762  
0.6905  -1.37181  
0.6915  -1.36368  
0.6925  -1.35173  
0.6935  -1.33596  
0.6945  -1.31626  
0.6955  -1.29272  
0.6965  -1.26536  
0.6975  -1.23431  
0.6985  -1.19983  
0.6995  -1.16206  
0.7005  -1.12161  
0.7015  -1.07841  
0.7025  -1.03341  
0.7035  -0.986528  
0.7045  -0.93846  
0.7055  -0.889624  
0.7065  -0.840205  
0.7075  -0.790766  
0.7085  -0.741627  
0.7095  -0.692947  
0.7105  -0.645082  
0.7115  -0.598254  
0.7125  -0.552633  
0.7135  -0.508238  
0.7145  -0.465495  
0.7155  -0.424117  
0.7165  -0.384613  
0.7175  -0.346828  
0.7185  -0.311066  
0.7195  -0.277374  
0.7205  -0.245918  
0.7215  -0.216992  
0.7225  -0.190563  
0.7235  -0.166968  
0.7245  -0.146219  
0.7255  -0.12823  
0.7265  -0.113256  
0.7275  -0.100773  
0.7285  -0.090647  
0.7295  -0.0824797  
0.7305  -0.0756421  
0.7315  -0.0696577  
0.7325  -0.0637981  
0.7335  -0.0575298  
0.7345  -0.0501731  
0.7355  -0.0412776  
0.7365  -0.0303882  
0.7375  -0.0172279  
0.7385  -0.00169167  
0.7395  0.016342  
0.7405  0.0366979  
0.7415  0.0592532  
0.7425  0.0837644  
0.7435  0.109999  
0.7445  0.137665  
0.7455  0.166608  
0.7465  0.196586  
0.7475  0.227437  
0.7485  0.258967  
0.7495  0.291184  
0.7505  0.323804  
0.7515  0.35688  
0.7525  0.390269  
0.7535  0.423697  
0.7545  0.457047  
0.7555  0.490202  
0.7565  0.522786  
0.7575  0.554623  
0.7585  0.585531  
0.7595  0.615129  
0.7605  0.643334  
0.7615  0.669966  
0.7625  0.694825  
0.7635  0.718075  
0.7645  0.739613  
0.7655  0.759515  
0.7665  0.777712  
0.7675  0.794188  
0.7685  0.808841  
0.7695  0.821368  
0.7705  0.831611  
0.7715  0.839134  
0.7725  0.843715  
0.7735  0.845115  
0.7745  0.843227  
0.7755  0.838062  
0.7765  0.829752  
0.7775  0.818607  
0.7785  0.804918  
0.7795  0.78904  
0.7805  0.771238  
0.7815  0.751865  
0.7825  0.730891  
0.7835  0.708551  
0.7845  0.684705  
0.7855  0.659297  
0.7865  0.632311  
0.7875  0.603643  
0.7885  0.573325  
0.7895  0.541389  
0.7905  0.508075  
0.7915  0.473316  
0.7925  0.437587  
0.7935  0.40095  
0.7945  0.363561  
0.7955  0.325909  
0.7965  0.287924  
0.7975  0.249877  
0.7985  0.212007  
0.7995  0.174314  
0.8005  0.137137  
0.8015  0.100502  
0.8025  0.0646685  
0.8035  0.0297739  
0.8045  -0.00377331  
0.8055  -0.0359111  
0.8065  -0.0662944  
0.8075  -0.0945855  
0.8085  -0.120497  
0.8095  -0.143882  
0.8105  -0.164425  
0.8115  -0.182054  
0.8125  -0.19669  
0.8135  -0.208358  
0.8145  -0.217206  
0.8155  -0.223423  
0.8165  -0.227244  
0.8175  -0.228995  
0.8185  -0.228949  
0.8195  -0.227419  
0.8205  -0.224692  
0.8215  -0.221007  
0.8225  -0.216589  
0.8235  -0.211627  
0.8245  -0.206237  
0.8255  -0.200602  
0.8265  -0.194799  
0.8275  -0.188918  
0.8285  -0.183012  
0.8295  -0.177149  
0.8305  -0.171363  
0.8315  -0.165666  
0.8325  -0.160102  
0.8335  -0.154659  
0.8345  -0.149387  
0.8355  -0.144277  
0.8365  -0.139342  
0.8375  -0.134552  
0.8385  -0.129935  
0.8395  -0.12548  
0.8405  -0.121195  
0.8415  -0.117071  
0.8425  -0.113092  
0.8435  -0.109263  
0.8445  -0.105572  
0.8455  -0.102042  
0.8465  -0.0986177  
0.8475  -0.0953323  
0.8485  -0.0921973  
0.8495  -0.0891645  
0.8505  -0.0862476  
0.8515  -0.0834464  
0.8525  -0.0807497  
0.8535  -0.0781569  
0.8545  -0.0756748  
0.8555  -0.0732627  
0.8565  -0.0709519  
0.8575  -0.0687177  
0.8585  -0.0665667  
0.8595  -0.0645113  
0.8605  -0.0625213  
0.8615  -0.0605913  
0.8625  -0.058746  
0.8635  -0.0569623  
0.8645  -0.0552551  
0.8655  -0.0535912  
0.8665  -0.0519914  
0.8675  -0.0504501  
0.8685  -0.0489617  
0.8695  -0.0475269  
0.8705  -0.0461413  
0.8715  -0.0447934  
0.8725  -0.0435033  
0.8735  -0.0422479  
0.8745  -0.0410388  
0.8755  -0.0398711  
0.8765  -0.0387513  
0.8775  -0.0376551  
0.8785  -0.0366035  
0.8795  -0.0355831  
0.8805  -0.0345907  
0.8815  -0.0336446  
0.8825  -0.0327185  
0.8835  -0.0318258  
0.8845  -0.0309617  
0.8855  -0.0301262  
0.8865  -0.0293167  
0.8875  -0.0285244  
0.8885  -0.0277487  
0.8895  -0.0270132  
0.8905  -0.0262999  
0.8915  -0.0256116  
0.8925  -0.0249366  
0.8935  -0.0242827  
0.8945  -0.0236569  
0.8955  -0.023044  
0.8965  -0.0224442  
0.8975  -0.0218728  
0.8985  -0.0212888  
0.8995  -0.0207567  
0.9005  -0.0202464  
0.9015  -0.019727  
0.9025  -0.0192213  
0.9035  -0.0187455  
0.9045  -0.0182807  
0.9055  -0.0178255  
0.9065  -0.0173934  
0.9075  -0.0169629  
0.9085  -0.0165432  
0.9095  -0.0161412  
0.9105  -0.0157455  
0.9115  -0.0153567  
0.9125  -0.0149838  
0.9135  -0.014628  
0.9145  -0.0142751  
0.9155  -0.0139346  
0.9165  -0.0136026  
0.9175  -0.0132681  
0.9185  -0.0129514  
0.9195  -0.0126523  
0.9205  -0.0123518  
0.9215  -0.0120645  
0.9225  -0.0117866  
0.9235  -0.0115092  
0.9245  -0.0112488  
0.9255  -0.0109844  
0.9265  -0.0107438  
0.9275  -0.0104845  
0.9285  -0.0102413  
0.9295  -0.0100168  
0.9305  -0.00977691  
0.9315  -0.00955126  
0.9325  -0.00933335  
0.9335  -0.00913591  
0.9345  -0.00893802  
0.9355  -0.0087436  
0.9365  -0.0085426  
0.9375  -0.00834648  
0.9385  -0.00816302  
0.9395  -0.0079821  
0.9405  -0.00780829  
0.9415  -0.00763395  
0.9425  -0.00746523  
0.9435  -0.00729468  
0.9445  -0.00716089  
0.9455  -0.00699718  
0.9465  -0.00684613  
0.9475  -0.00670324  
0.9485  -0.00654869  
0.9495  -0.0064124  
0.9505  -0.00628014  
0.9515  -0.00614429  
0.9525  -0.00602352  
0.9535  -0.00590111  
0.9545  -0.00576696  
0.9555  -0.00565011  
0.9565  -0.00552674  
0.9575  -0.00540956  
0.9585  -0.00529616  
0.9595  -0.00518661  
0.9605  -0.00509014  
0.9615  -0.00497689  
0.9625  -0.00487576  
0.9635  -0.00477839  
0.9645  -0.00467764  
0.9655  -0.00458976  
0.9665  -0.00450641  
0.9675  -0.00442035  
0.9685  -0.00432383  
0.9695  -0.00423176  
0.9705  -0.00414782  
0.9715  -0.00406282  
0.9725  -0.00397638  
0.9735  -0.00389768  
0.9745  -0.00382287  
0.9755  -0.00374661  
0.9765  -0.00367442  
0.9775  -0.00360197  
0.9785  -0.00353734  
0.9795  -0.00346582  
0.9805  -0.0033978  
0.9815  -0.0033282  
0.9825  -0.00325516  
0.9835  -0.00319706  
0.9845  -0.00313473  
0.9855  -0.0030731  
0.9865  -0.00300693  
0.9875  -0.00295257  
0.9885  -0.0029008  
0.9895  -0.00284738  
0.9905  -0.00279035  
0.9915  -0.00274454  
0.9925  -0.00268178  
0.9935  -0.00263734  
0.9945  -0.00258817  
0.9955  -0.00253613  
0.9965  -0.00247754  
0.9975  -0.00244077  
0.9985  -0.00240598  
0.9995  -0.00236475  
1.0005  -0.00232407  
1.0015  -0.00228724  
1.0025  -0.00223436  
1.0035  -0.00220132  
1.0045  -0.00215272  
1.0055  -0.00211653  
1.0065  -0.00208421  
1.0075  -0.00203774  
1.0085  -0.00201375  
1.0095  -0.0019625  
1.0105  -0.00192975  
1.0115  -0.00189796  
1.0125  -0.00186943  
1.0135  -0.00182361  
1.0145  -0.00178976  
1.0155  -0.00176064  
1.0165  -0.00173234  
1.0175  -0.00170395  
1.0185  -0.0016783  
1.0195  -0.00164824  
1.0205  -0.00161984  
1.0215  -0.00158954  
1.0225  -0.00156685  
1.0235  -0.00153691  
1.0245  -0.00150981  
1.0255  -0.00149021  
1.0265  -0.00145042  
1.0275  -0.0014333  
1.0285  -0.00140864  
1.0295  -0.00137532  
1.0305  -0.00136715  
1.0315  -0.00133434  
1.0325  -0.00130409  
1.0335  -0.00128023  
1.0345  -0.0012674  
1.0355  -0.00125354  
1.0365  -0.00122038  
1.0375  -0.00120226  
1.0385  -0.00117922  
1.0395  -0.0011677  
1.0405  -0.00114764  
1.0415  -0.00111734  
1.0425  -0.00111649  
1.0435  -0.00108411  
1.0445  -0.0010673  
1.0455  -0.00104865  
1.0465  -0.00103801  
1.0475  -0.00101506  
1.0485  -0.00100663  
1.0495  -0.000987366  
1.0505  -0.000966786  
1.0515  -0.000938709  
1.0525  -0.000923502  
1.0535  -0.000920416  
1.0545  -0.000898771  
1.0555  -0.000891677  
1.0565  -0.000874424  
1.0575  -0.000854212  
1.0585  -0.000852832  
1.0595  -0.000837452  
1.0605  -0.000812323  
1.0615  -0.000802887  
1.0625  -0.000800748  
1.0635  -0.000779076  
1.0645  -0.000767487  
1.0655  -0.000752095  
1.0665  -0.000748793  
1.0675  -0.000728666  
1.0685  -0.000722984  
1.0695  -0.000716346  
1.0705  -0.000710647  
1.0715  -0.000681355  
1.0725  -0.00068579  
1.0735  -0.00066807  
1.0745  -0.000651802  
1.0755  -0.000646307  
1.0765  -0.000637041  
1.0775  -0.0006304  
1.0785  -0.000614493  
1.0795  -0.000598173  
1.0805  -0.000600592  
1.0815  -0.000587439  
1.0825  -0.000579407  
1.0835  -0.000572066  
1.0845  -0.000555712  
1.0855  -0.000555145  
1.0865  -0.000549304  
1.0875  -0.000534077  
1.0885  -0.000534844  
1.0895  -0.000519647  
1.0905  -0.000499493  
1.0915  -0.000504861  
1.0925  -0.000502615  
1.0935  -0.00048965  
1.0945  -0.000481963  
1.0955  -0.000472894  
1.0965  -0.000466496  
1.0975  -0.000462201  
1.0985  -0.000453167  
1.0995  -0.000448479  
1.1005  -0.000443614  
1.1015  -0.000424471  
1.1025  -0.000429531  
1.1035  -0.000413685  
1.1045  -0.000414447  
1.1055  -0.00041236  
1.1065  -0.000404251  
1.1075  -0.000401164  
1.1085  -0.000398717  
1.1095  -0.000389961  
1.1105  -0.000382019  
1.1115  -0.000384048  
1.1125  -0.000364117  
1.1135  -0.000362882  
1.1145  -0.000357221  
1.1155  -0.0003519  
1.1165  -0.000349071  
1.1175  -0.000337751  
1.1185  -0.000325785  
1.1195  -0.000329768  
1.1205  -0.000322124  
1.1215  -0.00032046  
1.1225  -0.000311376  
1.1235  -0.000301487  
1.1245  -0.000303236  
1.1255  -0.000305582  
1.1265  -0.00029448  
1.1275  -0.000302717  
1.1285  -0.000297959  
1.1295  -0.000288737  
1.1305  -0.000292108  
1.1315  -0.000281914  
1.1325  -0.000275173  
1.1335  -0.000282849  
1.1345  -0.000270754  
1.1355  -0.000264241  
1.1365  -0.000265463  
1.1375  -0.000257441  
1.1385  -0.000259738  
1.1395  -0.000253888  
1.1405  -0.000251716  
1.1415  -0.000238513  
1.1425  -0.000230537  
1.1435  -0.00023408  
1.1445  -0.000229278  
1.1455  -0.000227613  
1.1465  -0.000216789  
1.1475  -0.000216633  
1.1485  -0.000212691  
1.1495  -0.000215076  
1.1505  -0.000195593  
1.1515  -0.000200666  
1.1525  -0.000210007  
1.1535  -0.000200012  
1.1545  -0.000198442  
1.1555  -0.000193721  
1.1565  -0.000189731  
1.1575  -0.000195546  
1.1585  -0.000193793  
1.1595  -0.000187685  
1.1605  -0.000180543  
1.1615  -0.000186345  
1.1625  -0.000178264  
1.1635  -0.000185467  
1.1645  -0.000178297  
1.1655  -0.000183617  
1.1665  -0.000174787  
1.1675  -0.000179632  
1.1685  -0.000159954  
1.1695  -0.000157515  
1.1705  -0.000152555  
1.1715  -0.000152451  
1.1725  -0.000142418  
1.1735  -0.000145073  
1.1745  -0.000145038  
1.1755  -0.000150117  
1.1765  -0.000136294  
1.1775  -0.000138779  
1.1785  -0.000145687  
1.1795  -0.000134514  
1.1805  -0.000136146  
1.1815  -0.000134064  
1.1825  -0.000137558  
1.1835  -0.000134398  
1.1845  -0.000127599  
1.1855  -0.000122539  
1.1865  -0.000126329  
1.1875  -0.000121243  
1.1885  -0.000108244  
1.1895  -0.000103105  
1.1905  -0.000112243  
1.1915  -0.000117628  
1.1925  -0.000118747  
1.1935  -0.000102911  
1.1945  -0.000109284  
1.1955  -0.000108065  
1.1965  -0.000103725  
1.1975  -0.000102983  
1.1985  -9.51e-05  
1.1995  -9.78e-05  
1.2005  -9.96e-05  
1.2015  -9.35e-05  
1.2025  -9.91e-05  
1.2035  -9.64e-05  
1.2045  -7.84e-05  
1.2055  -8.53e-05  
1.2065  -8.35e-05  
1.2075  -8.51e-05  
1.2085  -7.88e-05  
1.2095  -7.81e-05  
1.2105  -7.52e-05  
1.2115  -7.65e-05  
1.2125  -7.78e-05  
1.2135  -7.12e-05  
1.2145  -7.55e-05  
1.2155  -7.14e-05  
1.2165  -6.61e-05  
1.2175  -6.44e-05  
1.2185  -7.37e-05  
1.2195  -7.11e-05  
1.2205  -6.22e-05  
1.2215  -6.55e-05  
1.2225  -7.63e-05  
1.2235  -6.55e-05  
1.2245  -5.55e-05  
1.2255  -5.78e-05  
1.2265  -5.89e-05  
1.2275  -5.9e-05  
1.2285  -6.39e-05  
1.2295  -5.96e-05  
1.2305  -5.89e-05  
1.2315  -5.08e-05  
1.2325  -4.87e-05  
1.2335  -5.82e-05  
1.2345  -5.48e-05  
1.2355  -5.54e-05  
1.2365  -4.2e-05  
1.2375  -4.82e-05  
1.2385  -4.81e-05  
1.2395  -5.07e-05  
1.2405  -4.79e-05  
1.2415  -5.06e-05  
1.2425  -5.83e-05  
1.2435  -4.19e-05  
1.2445  -3.53e-05  
1.2455  -4.11e-05  
1.2465  -5.08e-05  
1.2475  -3.06e-05  
1.2485  -4.22e-05  
1.2495  -4.21e-05  
1.2505  -3.44e-05  
1.2515  -3.65e-05  
1.2525  -3.92e-05  
1.2535  -4.69e-05  
1.2545  -3.44e-05  
1.2555  -3.13e-05  
1.2565  -3.9e-05  
1.2575  -3.59e-05  
1.2585  -3.89e-05  
1.2595  -3.25e-05  
1.2605  -3.67e-05  
1.2615  -3.4e-05  
1.2625  -2.38e-05  
1.2635  -2.73e-05  
1.2645  -3.46e-05  
1.2655  -2.44e-05  
1.2665  -2.54e-05  
1.2675  -2.79e-05  
1.2685  -2.82e-05  
1.2695  -2.01e-05  
1.2705  -9.53e-06  
1.2715  -1.82e-05  
1.2725  -2.4e-05  
1.2735  -2.03e-05  
1.2745  -2.16e-05  
1.2755  -1.78e-05  
1.2765  -2.63e-05  
1.2775  -1.47e-05  
1.2785  -2.16e-05  
1.2795  -2.41e-05  
1.2805  -3.55e-05  
1.2815  -1.93e-05  
1.2825  -1.27e-05  
1.2835  -1.49e-05  
1.2845  -1.94e-05  
1.2855  -2.74e-05  
1.2865  -2.29e-05  
1.2875  -9.22e-06  
1.2885  -2.6e-05  
1.2895  -9.18e-06  
1.2905  -1.19e-05  
1.2915  -1.11e-05  
1.2925  -1.4e-05  
1.2935  -8.95e-06  
1.2945  -7.25e-06  
1.2955  -5.62e-06  
1.2965  -8.51e-06  
1.2975  -1.44e-05  
1.2985  -8.73e-06  
1.2995  -8.28e-06  
1.3005  -2.09e-06  
1.3015  1.3e-06  
1.3025  -7.79e-06  
1.3035  -7.15e-06  
1.3045  -9.95e-06  
1.3055  -6.36e-06  
1.3065  -2.36e-06  
1.3075  -2e-05  
1.3085  -2.08e-05  
1.3095  2.99e-07  
1.3105  6.49e-07  
1.3115  2.3e-06  
1.3125  -1.01e-06  
1.3135  -1.08e-05  
1.3145  1.31e-06  
1.3155  6.23e-07  
1.3165  -3.3e-06  
1.3175  -3.24e-06  
1.3185  5.12e-06  
1.3195  1.17e-06  
1.3205  9.9e-06  
1.3215  -1.07e-05  
1.3225  1.98e-07  
1.3235  -3.68e-08  
1.3245  -5.47e-06  
1.3255  7.29e-06  
1.3265  1.02e-05  
1.3275  -3.43e-06  
1.3285  5.29e-07  
1.3295  3.85e-06  
1.3305  5.88e-07  
1.3315  -9.6e-07  
1.3325  3.17e-06  
1.3335  1.38e-05  
1.3345  5.44e-06  
1.3355  -4.9e-06  
1.3365  -1.05e-05  
1.3375  -1.32e-05  
1.3385  -9.25e-06  
1.3395  -3.62e-06  
1.3405  3.76e-06  
1.3415  1.99e-06  
1.3425  -4.84e-06  
1.3435  1.44e-05  
1.3445  1.75e-05  
1.3455  1.05e-05  
1.3465  1.11e-05  
1.3475  1.57e-05  
1.3485  6.38e-06  
1.3495  1.65e-05  
