-0.07    0.00399077        
-0.069    0.00579345        
-0.068    0.00801132        
-0.067    0.0107293        
-0.066    0.014055        
-0.065    0.0181149        
-0.064    0.0230603        
-0.063    0.0290707        
-0.062    0.0363557        
-0.061    0.0451647        
-0.06    0.0557832        
-0.059    0.0685339        
-0.058    0.0837738        
-0.057    0.101884        
-0.056    0.12326            
-0.055    0.148288        
-0.054    0.177312        
-0.053    0.210598        
-0.052    0.248289        
-0.051    0.290361        
-0.05    0.336557        
-0.049    0.386347        
-0.048    0.43888            
-0.047    0.492968        
-0.046    0.547136        
-0.045    0.599736        
-0.044    0.649132        
-0.043    0.693939        
-0.042    0.733208        
-0.041    0.766523        
-0.04    0.793963        
-0.039    0.815977        
-0.038    0.83323            
-0.037    0.846466        
-0.036    0.856419        
-0.035    0.863765        
-0.034    0.869091        
-0.033    0.872886        
-0.032    0.875531        
-0.031    0.87731            
-0.03    0.878418        
-0.029    0.878971        
-0.028    0.879012        
-0.027    0.878514        
-0.026    0.877388        
-0.025    0.87548            
-0.024    0.872555        
-0.023    0.868274        
-0.022    0.862166        
-0.021    0.853609        
-0.02    0.841824        
-0.019    0.825899        
-0.018    0.804845        
-0.017    0.77772            
-0.016    0.743799        
-0.015    0.70277            
-0.014    0.654893        
-0.013    0.601046        
-0.012    0.542646        
-0.011    0.481459        
-0.01    0.419374        
-0.009    0.358209        
-0.008    0.299586        
-0.007    0.244848        
-0.006    0.195007        
-0.005    0.150671        
-0.004    0.111975        
-0.003    0.078552        
-0.002    0.0495498        
-0.001    0.0237203        
0        -0.000455406    
0.001    -0.0246312        
0.002    -0.050461        
0.003    -0.0794644        
0.004    -0.11289        
0.005    -0.151588        
0.006    -0.195927        
0.007    -0.24577        
0.008    -0.300511        
0.009    -0.359139        
0.01    -0.420309        
0.011    -0.482399        
0.012    -0.543591        
0.013    -0.601997        
0.014    -0.655851        
0.015    -0.703735        
0.016    -0.744771        
0.017    -0.7787            
0.018    -0.805834        
0.019    -0.826897        
0.02    -0.842833        
0.021    -0.854628        
0.022    -0.863196        
0.023    -0.869315        
0.024    -0.873609        
0.025    -0.876547        
0.026    -0.878468        
0.027    -0.879607        
0.028    -0.88012        
0.029    -0.880095        
0.03    -0.879559        
0.031    -0.878467        
0.032    -0.876705        
0.033    -0.874078        
0.034    -0.870303        
0.035    -0.864997        
0.036    -0.857672        
0.037    -0.84774        
0.038    -0.834526        
0.039    -0.817297        
0.04    -0.795307        
0.041    -0.767893        
0.042    -0.734604        
0.043    -0.695362        
0.044    -0.650584        
0.045    -0.601218        
0.046    -0.548649        
0.047    -0.494512        
0.048    -0.440457        
0.049    -0.387961        
0.05    -0.338208        
0.051    -0.292049        
0.052    -0.250018        
0.053    -0.212368        
0.054    -0.179127        
0.055    -0.15015        
0.056    -0.12517        
0.057    -0.103842        
0.058    -0.0857839        
0.059    -0.0705995        
0.06    -0.0579065        
0.061    -0.0473478        
0.062    -0.0386011        
0.063    -0.0313812        
0.064    -0.0254412        
0.065    -0.0205692        
0.066    -0.0165861        
0.067    -0.0133408        
0.068    -0.0107076        
0.069    -0.00858134        
0.07    -0.00687535        
